patient_key,crm_patient_id,clinical_subject_id,mrn,synthetic_name,dob,center_id,country,product_code,journey_status,enrolled_at,source_system
P-00001,CRM100001,SUBJ-CH-0001,MRN-741568,Rowan Smith,1990-10-16,TC-CH-ZRH-01,CH,CGT-A1,IN_MANUFACTURING,2026-01-06T20:00:00Z,CRM
P-00002,CRM100002,SUBJ-SG-0002,MRN-384516,Casey Ito,1980-02-21,TC-SG-SIN-01,SG,CGT-A1,ENROLLED,2026-01-07T00:00:00Z,CRM
P-00003,CRM100003,SUBJ-NL-0003,MRN-143579,Avery Miller,1999-01-10,TC-NL-AMS-01,NL,CGT-A1,RETURN_TRANSIT,2026-01-07T07:00:00Z,CRM
P-00004,CRM100004,SUBJ-CH-0004,MRN-801783,Morgan Lopez,1972-02-20,TC-CH-ZRH-01,CH,CGT-C3,IN_MANUFACTURING,2026-01-07T03:00:00Z,CRM
P-00005,CRM100005,SUBJ-DE-0005,MRN-292478,Avery Nguyen,1984-11-08,TC-DE-BER-01,DE,CGT-C3,APHERESIS_PENDING,2026-01-06T11:00:00Z,CRM
P-00006,CRM100006,SUBJ-AE-0006,MRN-559924,Quinn Brown,1966-05-29,TC-AE-DXB-01,AE,CGT-C3,IN_MANUFACTURING,2026-01-07T22:00:00Z,CRM
P-00007,CRM100007,SUBJ-IT-0007,MRN-651633,Quinn Garcia,1977-09-16,TC-IT-MIL-01,IT,CGT-C3,RETURN_TRANSIT,2026-01-07T22:00:00Z,CRM
P-00008,CRM100008,SUBJ-US-0008,MRN-547206,Jordan Miller,1996-01-04,TC-US-BOS-02,US,CGT-A1,QC_PENDING,2026-01-09T12:00:00Z,CRM
P-00009,CRM100009,SUBJ-AE-0009,MRN-833926,Drew Miller,1992-03-24,TC-AE-DXB-01,AE,CGT-C3,COLLECTED,2026-01-09T07:00:00Z,CRM
P-00010,CRM100010,SUBJ-IT-0010,MRN-870497,Casey Brown,2004-06-07,TC-IT-MIL-01,IT,CGT-C3,COLLECTED,2026-01-08T12:00:00Z,CRM
P-00011,CRM100011,SUBJ-SE-0011,MRN-694211,Skyler Nguyen,1962-11-09,TC-SE-STO-01,SE,CGT-C3,INFUSED,2026-01-08T11:00:00Z,CRM
P-00012,CRM100012,SUBJ-AU-0012,MRN-330075,Riley Singh,1986-08-07,TC-AU-SYD-01,AU,CGT-B2,INFUSED,2026-01-10T17:00:00Z,CRM
P-00013,CRM100013,SUBJ-DE-0013,MRN-888423,Cameron Wilson,1992-01-21,TC-DE-BER-01,DE,CGT-C3,INFUSION_READY,2026-01-11T15:00:00Z,CRM
P-00014,CRM100014,SUBJ-AE-0014,MRN-533914,Casey Wilson,1961-10-06,TC-AE-DXB-01,AE,CGT-A1,INFUSED,2026-01-09T14:00:00Z,CRM
P-00015,CRM100015,SUBJ-IN-0015,MRN-614629,Emerson Singh,1967-10-22,TC-IN-BLR-01,IN,CGT-A1,COLLECTED,2026-01-11T02:00:00Z,CRM
P-00016,CRM100016,SUBJ-IT-0016,MRN-311018,Emerson Wilson,1999-08-20,TC-IT-MIL-01,IT,CGT-C3,IN_MANUFACTURING,2026-01-10T23:00:00Z,CRM
P-00017,CRM100017,SUBJ-AE-0017,MRN-738005,Jamie Stone,1992-06-04,TC-AE-DXB-01,AE,CGT-A1,INFUSION_READY,2026-01-10T23:00:00Z,CRM
P-00018,CRM100018,SUBJ-IN-0018,MRN-929527,Emerson Wilson,1961-04-28,TC-IN-BLR-01,IN,CGT-B2,INFUSION_READY,2026-01-10T08:00:00Z,CRM
P-00019,CRM100019,SUBJ-JP-0019,MRN-272510,Taylor Stone,1977-05-14,TC-JP-OSA-02,JP,CGT-B2,IN_MANUFACTURING,2026-01-12T13:00:00Z,CRM
P-00020,CRM100020,SUBJ-BE-0020,MRN-505964,Skyler Singh,1982-12-14,TC-BE-BRU-01,BE,CGT-C3,INFUSION_READY,2026-01-12T07:00:00Z,CRM
P-00021,CRM100021,SUBJ-SE-0021,MRN-332485,Avery Kim,1989-09-11,TC-SE-STO-01,SE,CGT-A1,COLLECTED,2026-01-13T16:00:00Z,CRM
P-00022,CRM100022,SUBJ-AE-0022,MRN-286309,Riley Lopez,1966-09-26,TC-AE-DXB-01,AE,CGT-C3,IN_MANUFACTURING,2026-01-13T22:00:00Z,CRM
P-00023,CRM100023,SUBJ-BE-0023,MRN-625278,Hayden Lopez,1976-09-09,TC-BE-BRU-01,BE,CGT-B2,QA_HOLD,2026-01-13T22:00:00Z,CRM
P-00024,CRM100024,SUBJ-JP-0024,MRN-315614,Reese Miller,1962-06-22,TC-JP-OSA-02,JP,CGT-C3,ENROLLED,2026-01-12T08:00:00Z,CRM
P-00025,CRM100025,SUBJ-SG-0025,MRN-804578,Jamie Nguyen,1984-05-03,TC-SG-SIN-01,SG,CGT-A1,QC_PENDING,2026-01-12T13:00:00Z,CRM
P-00026,CRM100026,SUBJ-ES-0026,MRN-145370,Rowan Brown,2006-10-13,TC-ES-MAD-01,ES,CGT-B2,INFUSED,2026-01-13T09:00:00Z,CRM
P-00027,CRM100027,SUBJ-US-0027,MRN-396624,Jordan Patel,1966-02-20,TC-US-BOS-02,US,CGT-B2,IN_MANUFACTURING,2026-01-13T15:00:00Z,CRM
P-00028,CRM100028,SUBJ-CA-0028,MRN-224533,Avery Stone,1986-01-25,TC-CA-VAN-02,CA,CGT-C3,APHERESIS_PENDING,2026-01-14T16:00:00Z,CRM
P-00029,CRM100029,SUBJ-DE-0029,MRN-251525,Reese Lopez,1977-12-09,TC-DE-MUC-02,DE,CGT-B2,ENROLLED,2026-01-15T04:00:00Z,CRM
P-00030,CRM100030,SUBJ-GB-0030,MRN-552415,Reese Nguyen,2002-04-10,TC-GB-MAN-02,GB,CGT-B2,COLLECTED,2026-01-15T03:00:00Z,CRM
P-00031,CRM100031,SUBJ-US-0031,MRN-755611,Quinn Singh,2000-05-04,TC-US-ATL-01,US,CGT-A1,ELIGIBLE,2026-01-14T10:00:00Z,CRM
P-00032,CRM100032,SUBJ-AU-0032,MRN-551935,Quinn Brown,1985-10-26,TC-AU-SYD-01,AU,CGT-A1,APHERESIS_PENDING,2026-01-17T06:00:00Z,CRM
P-00033,CRM100033,SUBJ-AE-0033,MRN-912757,Hayden Miller,2000-03-27,TC-AE-DXB-01,AE,CGT-A1,QA_HOLD,2026-01-16T11:00:00Z,CRM
P-00034,CRM100034,SUBJ-DE-0034,MRN-870635,Hayden Singh,1973-02-28,TC-DE-BER-01,DE,CGT-C3,COLLECTED,2026-01-17T11:00:00Z,CRM
P-00035,CRM100035,SUBJ-BE-0035,MRN-148425,Morgan Martin,1995-11-22,TC-BE-BRU-01,BE,CGT-A1,IN_MANUFACTURING,2026-01-16T11:00:00Z,CRM
P-00036,CRM100036,SUBJ-GB-0036,MRN-336906,Riley Stone,1977-02-27,TC-GB-LON-01,GB,CGT-B2,INFUSED,2026-01-16T15:00:00Z,CRM
P-00037,CRM100037,SUBJ-ES-0037,MRN-766904,Jamie Kim,1978-01-29,TC-ES-MAD-01,ES,CGT-A1,ENROLLED,2026-01-18T16:00:00Z,CRM
P-00038,CRM100038,SUBJ-BE-0038,MRN-489974,Casey Chen,1975-02-07,TC-BE-BRU-01,BE,CGT-A1,IN_MANUFACTURING,2026-01-16T05:00:00Z,CRM
P-00039,CRM100039,SUBJ-DE-0039,MRN-526248,Avery Garcia,1990-09-05,TC-DE-MUC-02,DE,CGT-B2,QC_PENDING,2026-01-19T00:00:00Z,CRM
P-00040,CRM100040,SUBJ-GB-0040,MRN-570729,Riley Nguyen,1982-08-14,TC-GB-LON-01,GB,CGT-B2,INFUSED,2026-01-19T13:00:00Z,CRM
P-00041,CRM100041,SUBJ-AE-0041,MRN-261728,Morgan Chen,2004-11-06,TC-AE-DXB-01,AE,CGT-C3,INFUSED,2026-01-18T16:00:00Z,CRM
P-00042,CRM100042,SUBJ-IN-0042,MRN-317398,Reese Nguyen,1974-05-17,TC-IN-BLR-01,IN,CGT-A1,ELIGIBLE,2026-01-19T23:00:00Z,CRM
P-00043,CRM100043,SUBJ-SG-0043,MRN-386290,Quinn Khan,1959-04-19,TC-SG-SIN-01,SG,CGT-A1,ELIGIBLE,2026-01-20T11:00:00Z,CRM
P-00044,CRM100044,SUBJ-NL-0044,MRN-216496,Jordan Smith,1999-05-13,TC-NL-AMS-01,NL,CGT-B2,ENROLLED,2026-01-20T07:00:00Z,CRM
P-00045,CRM100045,SUBJ-CA-0045,MRN-813486,Casey Khan,1979-03-12,TC-CA-TOR-01,CA,CGT-A1,IN_MANUFACTURING,2026-01-20T15:00:00Z,CRM
P-00046,CRM100046,SUBJ-ES-0046,MRN-799270,Emerson Ito,1984-12-08,TC-ES-MAD-01,ES,CGT-B2,QA_HOLD,2026-01-20T19:00:00Z,CRM
P-00047,CRM100047,SUBJ-GB-0047,MRN-273533,Jamie Garcia,1984-07-04,TC-GB-MAN-02,GB,CGT-C3,APHERESIS_PENDING,2026-01-19T02:00:00Z,CRM
P-00048,CRM100048,SUBJ-US-0048,MRN-815297,Riley Martin,1972-04-18,TC-US-ATL-01,US,CGT-C3,IN_MANUFACTURING,2026-01-21T21:00:00Z,CRM
P-00049,CRM100049,SUBJ-US-0049,MRN-107364,Taylor Kim,1972-04-02,TC-US-CHI-04,US,CGT-C3,RETURN_TRANSIT,2026-01-21T09:00:00Z,CRM
P-00050,CRM100050,SUBJ-NL-0050,MRN-591482,Hayden Lopez,1980-11-29,TC-NL-AMS-01,NL,CGT-B2,INFUSED,2026-01-21T21:00:00Z,CRM
P-00051,CRM100051,SUBJ-FR-0051,MRN-469760,Jamie Smith,1994-10-12,TC-FR-PAR-01,FR,CGT-A1,IN_MANUFACTURING,2026-01-21T17:00:00Z,CRM
P-00052,CRM100052,SUBJ-SG-0052,MRN-511547,Casey Singh,1995-04-12,TC-SG-SIN-01,SG,CGT-C3,IN_MANUFACTURING,2026-01-21T16:00:00Z,CRM
P-00053,CRM100053,SUBJ-FR-0053,MRN-867344,Hayden Chen,1958-03-24,TC-FR-PAR-01,FR,CGT-B2,APHERESIS_PENDING,2026-01-22T06:00:00Z,CRM
P-00054,CRM100054,SUBJ-JP-0054,MRN-420219,Casey Singh,1972-06-10,TC-JP-OSA-02,JP,CGT-C3,QA_HOLD,2026-01-21T06:00:00Z,CRM
P-00055,CRM100055,SUBJ-AU-0055,MRN-536164,Rowan Martin,1989-07-22,TC-AU-MEL-02,AU,CGT-B2,RETURN_TRANSIT,2026-01-22T10:00:00Z,CRM
P-00056,CRM100056,SUBJ-US-0056,MRN-648317,Morgan Garcia,1992-05-27,TC-US-CHI-04,US,CGT-B2,IN_MANUFACTURING,2026-01-23T07:00:00Z,CRM
P-00057,CRM100057,SUBJ-BE-0057,MRN-285550,Jordan Chen,1993-04-23,TC-BE-BRU-01,BE,CGT-B2,QC_PENDING,2026-01-21T20:00:00Z,CRM
P-00058,CRM100058,SUBJ-ES-0058,MRN-858577,Casey Patel,2006-04-21,TC-ES-MAD-01,ES,CGT-B2,QC_PENDING,2026-01-24T02:00:00Z,CRM
P-00059,CRM100059,SUBJ-GB-0059,MRN-817297,Morgan Ito,1999-04-28,TC-GB-MAN-02,GB,CGT-C3,INFUSED,2026-01-25T04:00:00Z,CRM
P-00060,CRM100060,SUBJ-JP-0060,MRN-445117,Skyler Khan,1969-09-23,TC-JP-TYO-01,JP,CGT-A1,APHERESIS_PENDING,2026-01-22T23:00:00Z,CRM
P-00061,CRM100061,SUBJ-SG-0061,MRN-749496,Taylor Kim,1958-04-28,TC-IN-BLR-01,SG,CGT-C3,QC_PENDING,2026-01-25T06:00:00Z,CRM
P-00062,CRM100062,SUBJ-AU-0062,MRN-251468,Riley Ito,1981-01-12,TC-AU-MEL-02,AU,CGT-B2,QC_PENDING,2026-01-25T04:00:00Z,CRM
P-00063,CRM100063,SUBJ-FR-0063,MRN-429799,Morgan Martin,1994-07-11,TC-FR-PAR-01,FR,CGT-C3,APHERESIS_PENDING,2026-01-26T07:00:00Z,CRM
P-00064,CRM100064,SUBJ-CA-0064,MRN-274107,Riley Chen,1982-01-28,TC-CA-TOR-01,CA,CGT-B2,INFUSED,2026-01-25T12:00:00Z,CRM
P-00065,CRM100065,SUBJ-SE-0065,MRN-212855,Jamie Wilson,1993-02-08,TC-SE-STO-01,SE,CGT-C3,COLLECTED,2026-01-25T09:00:00Z,CRM
P-00066,CRM100066,SUBJ-CA-0066,MRN-999158,Jamie Ito,1984-08-10,TC-CA-TOR-01,CA,CGT-B2,INFUSION_READY,2026-01-24T06:00:00Z,CRM
P-00067,CRM100067,SUBJ-GB-0067,MRN-212724,Avery Chen,1996-02-21,TC-GB-LON-01,GB,CGT-B2,QA_HOLD,2026-01-26T13:00:00Z,CRM
P-00068,CRM100068,SUBJ-US-0068,MRN-826092,Avery Wilson,1974-10-18,TC-US-BOS-02,US,CGT-C3,INFUSION_READY,2026-01-27T12:00:00Z,CRM
P-00069,CRM100069,SUBJ-JP-0069,MRN-697956,Jamie Wilson,1962-01-30,TC-JP-OSA-02,JP,CGT-A1,COLLECTED,2026-01-25T22:00:00Z,CRM
P-00070,CRM100070,SUBJ-DE-0070,MRN-596553,Jamie Kim,1986-06-03,TC-DE-MUC-02,DE,CGT-A1,IN_MANUFACTURING,2026-01-25T18:00:00Z,CRM
P-00071,CRM100071,SUBJ-FR-0071,MRN-405171,Jordan Wilson,2005-05-17,TC-FR-PAR-01,FR,CGT-B2,IN_MANUFACTURING,2026-01-27T13:00:00Z,CRM
P-00072,CRM100072,SUBJ-GB-0072,MRN-593812,Hayden Lopez,2002-06-03,TC-GB-MAN-02,GB,CGT-C3,COLLECTED,2026-01-27T08:00:00Z,CRM
P-00073,CRM100073,SUBJ-CA-0073,MRN-716680,Cameron Smith,1987-05-27,TC-CA-VAN-02,CA,CGT-A1,COLLECTED,2026-01-27T23:00:00Z,CRM
P-00074,CRM100074,SUBJ-DE-0074,MRN-110566,Reese Martin,1960-10-09,TC-DE-BER-01,DE,CGT-A1,IN_MANUFACTURING,2026-01-27T19:00:00Z,CRM
P-00075,CRM100075,SUBJ-GB-0075,MRN-839042,Hayden Lopez,1974-07-06,TC-GB-MAN-02,GB,CGT-C3,IN_MANUFACTURING,2026-01-29T07:00:00Z,CRM
P-00076,CRM100076,SUBJ-DE-0076,MRN-397335,Casey Ito,1972-09-09,TC-DE-BER-01,DE,CGT-A1,INFUSED,2026-01-29T00:00:00Z,CRM
P-00077,CRM100077,SUBJ-CH-0077,MRN-149874,Drew Khan,1990-03-10,TC-CH-ZRH-01,CH,CGT-C3,RETURN_TRANSIT,2026-01-30T01:00:00Z,CRM
P-00078,CRM100078,SUBJ-GB-0078,MRN-368432,Avery Smith,2006-12-29,TC-GB-LON-01,GB,CGT-A1,INFUSED,2026-01-29T14:00:00Z,CRM
P-00079,CRM100079,SUBJ-US-0079,MRN-264263,Emerson Martin,1959-12-23,TC-US-SF-03,US,CGT-A1,INFUSION_READY,2026-01-30T23:00:00Z,CRM
P-00080,CRM100080,SUBJ-CA-0080,MRN-819585,Taylor Ito,1971-11-28,TC-CA-TOR-01,CA,CGT-A1,RETURN_TRANSIT,2026-01-30T04:00:00Z,CRM
P-00081,CRM100081,SUBJ-SE-0081,MRN-929075,Avery Smith,1996-12-01,TC-SE-STO-01,SE,CGT-B2,IN_MANUFACTURING,2026-01-30T11:00:00Z,CRM
P-00082,CRM100082,SUBJ-JP-0082,MRN-683751,Reese Kim,1959-04-09,TC-JP-TYO-01,JP,CGT-C3,IN_MANUFACTURING,2026-01-30T23:00:00Z,CRM
P-00083,CRM100083,SUBJ-IT-0083,MRN-357472,Taylor Miller,1968-08-08,TC-IT-MIL-01,IT,CGT-B2,INFUSED,2026-01-31T20:00:00Z,CRM
P-00084,CRM100084,SUBJ-AE-0084,MRN-783988,Hayden Lopez,1993-02-18,TC-AE-DXB-01,AE,CGT-C3,IN_MANUFACTURING,2026-01-29T12:00:00Z,CRM
P-00085,CRM100085,SUBJ-JP-0085,MRN-995112,Riley Chen,1997-10-26,TC-JP-TYO-01,JP,CGT-A1,IN_MANUFACTURING,2026-01-30T16:00:00Z,CRM
P-00086,CRM100086,SUBJ-SG-0086,MRN-798236,Riley Patel,1980-09-28,TC-SG-SIN-01,SG,CGT-A1,INFUSED,2026-01-31T00:00:00Z,CRM
P-00087,CRM100087,SUBJ-GB-0087,MRN-132742,Avery Khan,1972-07-16,TC-GB-LON-01,GB,CGT-A1,QA_HOLD,2026-01-31T02:00:00Z,CRM
P-00088,CRM100088,SUBJ-FR-0088,MRN-233771,Rowan Martin,1960-09-07,TC-FR-PAR-01,FR,CGT-C3,APHERESIS_PENDING,2026-01-31T20:00:00Z,CRM
P-00089,CRM100089,SUBJ-SG-0089,MRN-871128,Emerson Miller,1987-06-28,TC-SG-SIN-01,SG,CGT-C3,INFUSION_READY,2026-02-02T02:00:00Z,CRM
P-00090,CRM100090,SUBJ-CA-0090,MRN-105856,Jamie Lopez,1975-03-08,TC-CA-TOR-01,CA,CGT-B2,QC_PENDING,2026-02-03T05:00:00Z,CRM
P-00091,CRM100091,SUBJ-US-0091,MRN-249735,Reese Chen,2002-02-12,TC-US-CHI-04,US,CGT-B2,QC_PENDING,2026-01-31T13:00:00Z,CRM
P-00092,CRM100092,SUBJ-AE-0092,MRN-854530,Riley Stone,1962-03-06,TC-AE-DXB-01,AE,CGT-B2,QA_HOLD,2026-02-02T11:00:00Z,CRM
P-00093,CRM100093,SUBJ-US-0093,MRN-265271,Taylor Chen,2000-03-03,TC-US-BOS-02,US,CGT-C3,INFUSED,2026-02-03T08:00:00Z,CRM
P-00094,CRM100094,SUBJ-IN-0094,MRN-514972,Hayden Brown,1985-12-27,TC-IN-BLR-01,IN,CGT-B2,QA_HOLD,2026-02-02T09:00:00Z,CRM
P-00095,CRM100095,SUBJ-DE-0095,MRN-732134,Casey Wilson,1968-10-07,TC-DE-BER-01,DE,CGT-B2,INFUSED,2026-02-02T21:00:00Z,CRM
P-00096,CRM100096,SUBJ-JP-0096,MRN-381767,Hayden Patel,1961-08-15,TC-JP-TYO-01,JP,CGT-B2,COLLECTED,2026-02-03T12:00:00Z,CRM
P-00097,CRM100097,SUBJ-FR-0097,MRN-100096,Casey Chen,1968-08-27,TC-FR-PAR-01,FR,CGT-A1,IN_MANUFACTURING,2026-02-04T19:00:00Z,CRM
P-00098,CRM100098,SUBJ-US-0098,MRN-311311,Reese Stone,1971-02-16,TC-US-CHI-04,US,CGT-A1,INFUSION_READY,2026-02-03T10:00:00Z,CRM
P-00099,CRM100099,SUBJ-AU-0099,MRN-157659,Riley Lopez,1998-12-25,TC-AU-MEL-02,AU,CGT-C3,QC_PENDING,2026-02-03T19:00:00Z,CRM
P-00100,CRM100100,SUBJ-NL-0100,MRN-316969,Cameron Khan,1975-05-08,TC-NL-AMS-01,NL,CGT-A1,ENROLLED,2026-02-05T20:00:00Z,CRM
P-00101,CRM100101,SUBJ-DE-0101,MRN-894867,Taylor Lopez,1978-08-08,TC-DE-MUC-02,DE,CGT-B2,QC_PENDING,2026-02-05T05:00:00Z,CRM
P-00102,CRM100102,SUBJ-AU-0102,MRN-932177,Jamie Miller,1964-04-27,TC-AU-SYD-01,AU,CGT-C3,APHERESIS_PENDING,2026-02-05T22:00:00Z,CRM
P-00103,CRM100103,SUBJ-SG-0103,MRN-553158,Hayden Ito,1984-03-24,TC-SG-SIN-01,SG,CGT-A1,RETURN_TRANSIT,2026-02-06T08:00:00Z,CRM
P-00104,CRM100104,SUBJ-JP-0104,MRN-755640,Jordan Brown,1994-05-12,TC-JP-TYO-01,JP,CGT-A1,INFUSION_READY,2026-02-05T17:00:00Z,CRM
P-00105,CRM100105,SUBJ-CA-0105,MRN-585970,Taylor Singh,1993-03-24,TC-CA-TOR-01,CA,CGT-A1,RETURN_TRANSIT,2026-02-06T10:00:00Z,CRM
P-00106,CRM100106,SUBJ-US-0106,MRN-854518,Hayden Singh,1983-08-13,TC-US-ATL-01,US,CGT-C3,COLLECTED,2026-02-06T13:00:00Z,CRM
P-00107,CRM100107,SUBJ-DE-0107,MRN-170128,Drew Martin,1983-04-06,TC-DE-BER-01,DE,CGT-B2,IN_MANUFACTURING,2026-02-06T17:00:00Z,CRM
P-00108,CRM100108,SUBJ-CA-0108,MRN-617269,Jamie Khan,1982-12-07,TC-CA-TOR-01,CA,CGT-B2,COLLECTED,2026-02-08T02:00:00Z,CRM
P-00109,CRM100109,SUBJ-FR-0109,MRN-219811,Skyler Stone,1959-04-24,TC-FR-PAR-01,FR,CGT-C3,INFUSED,2026-02-07T00:00:00Z,CRM
P-00110,CRM100110,SUBJ-US-0110,MRN-591002,Jamie Garcia,1965-09-09,TC-US-ATL-01,US,CGT-A1,INFUSED,2026-02-09T00:00:00Z,CRM
P-00111,CRM100111,SUBJ-AE-0111,MRN-832864,Riley Chen,1976-09-28,TC-AE-DXB-01,AE,CGT-A1,INFUSED,2026-02-06T19:00:00Z,CRM
P-00112,CRM100112,SUBJ-CA-0112,MRN-503905,Reese Miller,1966-05-10,TC-CA-VAN-02,CA,CGT-A1,IN_MANUFACTURING,2026-02-08T08:00:00Z,CRM
P-00113,CRM100113,SUBJ-DE-0113,MRN-309528,Rowan Garcia,1991-03-22,TC-DE-MUC-02,DE,CGT-B2,QC_PENDING,2026-02-07T10:00:00Z,CRM
P-00114,CRM100114,SUBJ-CA-0114,MRN-832279,Casey Wilson,1989-07-16,TC-CA-VAN-02,CA,CGT-A1,IN_MANUFACTURING,2026-02-07T14:00:00Z,CRM
P-00115,CRM100115,SUBJ-JP-0115,MRN-593980,Hayden Smith,2002-04-19,TC-JP-OSA-02,JP,CGT-A1,COLLECTED,2026-02-08T15:00:00Z,CRM
P-00116,CRM100116,SUBJ-US-0116,MRN-141379,Emerson Nguyen,1998-06-15,TC-US-ATL-01,US,CGT-C3,IN_MANUFACTURING,2026-02-08T13:00:00Z,CRM
P-00117,CRM100117,SUBJ-IN-0117,MRN-795024,Drew Chen,1997-10-25,TC-IN-BLR-01,IN,CGT-A1,APHERESIS_PENDING,2026-02-08T12:00:00Z,CRM
P-00118,CRM100118,SUBJ-FR-0118,MRN-158053,Jordan Lopez,1966-07-07,TC-FR-PAR-01,FR,CGT-C3,RETURN_TRANSIT,2026-02-10T15:00:00Z,CRM
P-00119,CRM100119,SUBJ-US-0119,MRN-797691,Drew Khan,1968-01-09,TC-US-ATL-01,US,CGT-B2,ENROLLED,2026-02-11T13:00:00Z,CRM
P-00120,CRM100120,SUBJ-CH-0120,MRN-243170,Skyler Wilson,1987-08-06,TC-CH-ZRH-01,CH,CGT-A1,ELIGIBLE,2026-02-10T01:00:00Z,CRM
P-00121,CRM100121,SUBJ-NL-0121,MRN-849001,Quinn Ito,1981-01-01,TC-NL-AMS-01,NL,CGT-B2,IN_MANUFACTURING,2026-02-12T00:00:00Z,CRM
P-00122,CRM100122,SUBJ-US-0122,MRN-511572,Jordan Smith,2004-06-29,TC-CA-TOR-01,US,CGT-C3,APHERESIS_PENDING,2026-02-10T10:00:00Z,CRM
P-00123,CRM100123,SUBJ-US-0123,MRN-749367,Avery Nguyen,1984-12-21,TC-US-ATL-01,US,CGT-C3,ELIGIBLE,2026-02-12T14:00:00Z,CRM
P-00124,CRM100124,SUBJ-ES-0124,MRN-462761,Avery Brown,1960-10-31,TC-ES-MAD-01,ES,CGT-C3,IN_MANUFACTURING,2026-02-10T15:00:00Z,CRM
P-00125,CRM100125,SUBJ-DE-0125,MRN-380942,Taylor Garcia,1962-05-23,TC-DE-BER-01,DE,CGT-C3,INFUSED,2026-02-11T12:00:00Z,CRM
P-00126,CRM100126,SUBJ-DE-0126,MRN-477844,Quinn Garcia,2000-02-19,TC-DE-MUC-02,DE,CGT-C3,IN_MANUFACTURING,2026-02-11T06:00:00Z,CRM
P-00127,CRM100127,SUBJ-DE-0127,MRN-712714,Taylor Nguyen,2000-04-01,TC-DE-MUC-02,DE,CGT-C3,INFUSION_READY,2026-02-11T21:00:00Z,CRM
P-00128,CRM100128,SUBJ-US-0128,MRN-908328,Casey Smith,1975-10-12,TC-US-BOS-02,US,CGT-A1,INFUSED,2026-02-12T02:00:00Z,CRM
P-00129,CRM100129,SUBJ-US-0129,MRN-727860,Cameron Nguyen,1966-05-27,TC-US-ATL-01,US,CGT-B2,INFUSED,2026-02-13T18:00:00Z,CRM
P-00130,CRM100130,SUBJ-AE-0130,MRN-182114,Reese Martin,1974-05-27,TC-AE-DXB-01,AE,CGT-B2,QC_PENDING,2026-02-14T15:00:00Z,CRM
P-00131,CRM100131,SUBJ-JP-0131,MRN-641377,Morgan Nguyen,1974-08-20,TC-JP-TYO-01,JP,CGT-A1,INFUSED,2026-02-13T04:00:00Z,CRM
P-00132,CRM100132,SUBJ-CA-0132,MRN-843514,Hayden Wilson,1966-10-30,TC-CA-VAN-02,CA,CGT-B2,ENROLLED,2026-02-13T09:00:00Z,CRM
P-00133,CRM100133,SUBJ-FR-0133,MRN-936657,Morgan Smith,1975-11-07,TC-FR-PAR-01,FR,CGT-C3,QA_HOLD,2026-02-14T21:00:00Z,CRM
P-00134,CRM100134,SUBJ-JP-0134,MRN-675417,Skyler Garcia,2005-08-29,TC-JP-TYO-01,JP,CGT-B2,APHERESIS_PENDING,2026-02-13T14:00:00Z,CRM
P-00135,CRM100135,SUBJ-US-0135,MRN-155058,Jamie Singh,1977-11-10,TC-US-ATL-01,US,CGT-C3,APHERESIS_PENDING,2026-02-16T04:00:00Z,CRM
P-00136,CRM100136,SUBJ-US-0136,MRN-362493,Skyler Brown,1961-10-14,TC-US-ATL-01,US,CGT-A1,QC_PENDING,2026-02-15T20:00:00Z,CRM
P-00137,CRM100137,SUBJ-JP-0137,MRN-334243,Drew Chen,1998-01-02,TC-JP-OSA-02,JP,CGT-B2,QA_HOLD,2026-02-14T03:00:00Z,CRM
P-00138,CRM100138,SUBJ-AU-0138,MRN-599169,Taylor Singh,2001-05-24,TC-AU-SYD-01,AU,CGT-C3,INFUSED,2026-02-16T22:00:00Z,CRM
P-00139,CRM100139,SUBJ-BE-0139,MRN-678932,Jamie Singh,1964-03-05,TC-BE-BRU-01,BE,CGT-B2,COLLECTED,2026-02-14T23:00:00Z,CRM
P-00140,CRM100140,SUBJ-GB-0140,MRN-329926,Emerson Smith,1983-03-25,TC-GB-LON-01,GB,CGT-C3,APHERESIS_PENDING,2026-02-15T10:00:00Z,CRM
P-00141,CRM100141,SUBJ-BE-0141,MRN-279067,Hayden Patel,1959-09-25,TC-BE-BRU-01,BE,CGT-C3,INFUSION_READY,2026-02-17T01:00:00Z,CRM
P-00142,CRM100142,SUBJ-JP-0142,MRN-191321,Jamie Lopez,2006-07-07,TC-JP-TYO-01,JP,CGT-B2,QC_PENDING,2026-02-16T15:00:00Z,CRM
P-00143,CRM100143,SUBJ-GB-0143,MRN-748382,Cameron Garcia,1968-06-16,TC-GB-LON-01,GB,CGT-A1,QC_PENDING,2026-02-15T19:00:00Z,CRM
P-00144,CRM100144,SUBJ-AU-0144,MRN-651387,Skyler Kim,1974-03-21,TC-AU-SYD-01,AU,CGT-B2,IN_MANUFACTURING,2026-02-16T04:00:00Z,CRM
P-00145,CRM100145,SUBJ-FR-0145,MRN-467322,Taylor Lopez,1958-10-19,TC-FR-PAR-01,FR,CGT-A1,APHERESIS_PENDING,2026-02-17T14:00:00Z,CRM
P-00146,CRM100146,SUBJ-DE-0146,MRN-221624,Drew Wilson,1994-10-03,TC-DE-BER-01,DE,CGT-A1,IN_MANUFACTURING,2026-02-17T18:00:00Z,CRM
P-00147,CRM100147,SUBJ-US-0147,MRN-226508,Cameron Smith,1968-10-30,TC-US-BOS-02,US,CGT-A1,INFUSED,2026-02-19T10:00:00Z,CRM
P-00148,CRM100148,SUBJ-GB-0148,MRN-536124,Avery Khan,1965-11-23,TC-GB-MAN-02,GB,CGT-C3,APHERESIS_PENDING,2026-02-19T01:00:00Z,CRM
P-00149,CRM100149,SUBJ-DE-0149,MRN-808731,Jamie Lopez,1973-03-18,TC-DE-BER-01,DE,CGT-B2,QC_PENDING,2026-02-17T23:00:00Z,CRM
P-00150,CRM100150,SUBJ-US-0150,MRN-230737,Skyler Miller,1963-09-11,TC-US-CHI-04,US,CGT-B2,RETURN_TRANSIT,2026-02-20T16:00:00Z,CRM
P-00151,CRM100151,SUBJ-AU-0151,MRN-137301,Riley Khan,1966-09-24,TC-AU-MEL-02,AU,CGT-B2,APHERESIS_PENDING,2026-02-20T01:00:00Z,CRM
P-00152,CRM100152,SUBJ-CA-0152,MRN-331041,Rowan Lopez,1968-07-31,TC-CA-TOR-01,CA,CGT-B2,RETURN_TRANSIT,2026-02-19T20:00:00Z,CRM
P-00153,CRM100153,SUBJ-AE-0153,MRN-106054,Jordan Ito,1976-05-17,TC-AE-DXB-01,AE,CGT-A1,INFUSION_READY,2026-02-20T12:00:00Z,CRM
P-00154,CRM100154,SUBJ-BE-0154,MRN-255774,Skyler Stone,1993-06-16,TC-BE-BRU-01,BE,CGT-C3,COLLECTED,2026-02-19T21:00:00Z,CRM
P-00155,CRM100155,SUBJ-JP-0155,MRN-176879,Casey Garcia,1968-10-25,TC-JP-TYO-01,JP,CGT-A1,QC_PENDING,2026-02-19T16:00:00Z,CRM
P-00156,CRM100156,SUBJ-US-0156,MRN-268326,Rowan Lopez,1992-08-23,TC-US-BOS-02,US,CGT-A1,IN_MANUFACTURING,2026-02-19T21:00:00Z,CRM
P-00157,CRM100157,SUBJ-US-0157,MRN-805416,Drew Patel,2006-11-06,TC-US-SF-03,US,CGT-B2,IN_MANUFACTURING,2026-02-21T03:00:00Z,CRM
P-00158,CRM100158,SUBJ-CA-0158,MRN-733584,Drew Smith,1958-09-05,TC-CA-VAN-02,CA,CGT-B2,COLLECTED,2026-02-21T11:00:00Z,CRM
P-00159,CRM100159,SUBJ-AU-0159,MRN-719521,Jordan Patel,1992-01-30,TC-AU-SYD-01,AU,CGT-C3,ELIGIBLE,2026-02-20T10:00:00Z,CRM
P-00160,CRM100160,SUBJ-AU-0160,MRN-345151,Riley Martin,1971-02-15,TC-AU-SYD-01,AU,CGT-B2,IN_MANUFACTURING,2026-02-22T10:00:00Z,CRM
P-00161,CRM100161,SUBJ-NL-0161,MRN-286825,Quinn Smith,1993-02-02,TC-NL-AMS-01,NL,CGT-B2,QA_HOLD,2026-02-23T16:00:00Z,CRM
P-00162,CRM100162,SUBJ-US-0162,MRN-341347,Hayden Martin,2001-09-23,TC-US-BOS-02,US,CGT-B2,ENROLLED,2026-02-24T05:00:00Z,CRM
P-00163,CRM100163,SUBJ-NL-0163,MRN-332225,Morgan Nguyen,1970-04-17,TC-NL-AMS-01,NL,CGT-C3,INFUSED,2026-02-22T09:00:00Z,CRM
P-00164,CRM100164,SUBJ-CA-0164,MRN-474911,Riley Nguyen,1959-03-20,TC-CA-TOR-01,CA,CGT-C3,COLLECTED,2026-02-23T14:00:00Z,CRM
P-00165,CRM100165,SUBJ-CA-0165,MRN-181365,Drew Lopez,1984-01-08,TC-CA-TOR-01,CA,CGT-C3,QC_PENDING,2026-02-24T03:00:00Z,CRM
P-00166,CRM100166,SUBJ-IT-0166,MRN-460269,Rowan Smith,1999-04-11,TC-IT-MIL-01,IT,CGT-A1,IN_MANUFACTURING,2026-02-23T20:00:00Z,CRM
P-00167,CRM100167,SUBJ-JP-0167,MRN-874666,Cameron Kim,1987-08-12,TC-JP-TYO-01,JP,CGT-C3,ELIGIBLE,2026-02-23T09:00:00Z,CRM
P-00168,CRM100168,SUBJ-AE-0168,MRN-867507,Drew Ito,1989-07-03,TC-AE-DXB-01,AE,CGT-A1,APHERESIS_PENDING,2026-02-23T10:00:00Z,CRM
P-00169,CRM100169,SUBJ-GB-0169,MRN-788204,Jordan Chen,1962-04-13,TC-GB-MAN-02,GB,CGT-C3,QA_HOLD,2026-02-25T08:00:00Z,CRM
P-00170,CRM100170,SUBJ-JP-0170,MRN-848851,Cameron Singh,1965-07-07,TC-JP-TYO-01,JP,CGT-B2,INFUSION_READY,2026-02-25T22:00:00Z,CRM
P-00171,CRM100171,SUBJ-US-0171,MRN-317803,Jamie Miller,1975-07-09,TC-US-SF-03,US,CGT-A1,IN_MANUFACTURING,2026-02-25T11:00:00Z,CRM
P-00172,CRM100172,SUBJ-SG-0172,MRN-265712,Morgan Patel,1983-06-30,TC-SG-SIN-01,SG,CGT-A1,APHERESIS_PENDING,2026-02-26T09:00:00Z,CRM
P-00173,CRM100173,SUBJ-SG-0173,MRN-363487,Skyler Garcia,2000-02-05,TC-SG-SIN-01,SG,CGT-A1,IN_MANUFACTURING,2026-02-26T22:00:00Z,CRM
P-00174,CRM100174,SUBJ-US-0174,MRN-852581,Emerson Chen,1995-08-08,TC-US-CHI-04,US,CGT-C3,QC_PENDING,2026-02-27T13:00:00Z,CRM
P-00175,CRM100175,SUBJ-GB-0175,MRN-631067,Cameron Chen,1959-08-30,TC-GB-LON-01,GB,CGT-A1,QA_HOLD,2026-02-25T23:00:00Z,CRM
P-00176,CRM100176,SUBJ-DE-0176,MRN-296540,Drew Singh,2006-08-02,TC-DE-BER-01,DE,CGT-A1,INFUSION_READY,2026-02-27T09:00:00Z,CRM
P-00177,CRM100177,SUBJ-US-0177,MRN-536049,Jamie Smith,1972-01-02,TC-US-BOS-02,US,CGT-A1,QC_PENDING,2026-02-26T09:00:00Z,CRM
P-00178,CRM100178,SUBJ-AU-0178,MRN-516766,Jordan Singh,1981-09-01,TC-AU-MEL-02,AU,CGT-A1,QA_HOLD,2026-02-27T05:00:00Z,CRM
P-00179,CRM100179,SUBJ-AU-0179,MRN-178912,Skyler Singh,1986-04-14,TC-AU-MEL-02,AU,CGT-A1,IN_MANUFACTURING,2026-02-27T03:00:00Z,CRM
P-00180,CRM100180,SUBJ-JP-0180,MRN-766808,Jamie Wilson,1985-04-03,TC-JP-OSA-02,JP,CGT-A1,COLLECTED,2026-02-28T01:00:00Z,CRM
P-00181,CRM100181,SUBJ-AU-0181,MRN-959931,Rowan Miller,1982-05-26,TC-AU-SYD-01,AU,CGT-C3,COLLECTED,2026-02-28T08:00:00Z,CRM
P-00182,CRM100182,SUBJ-US-0182,MRN-996779,Casey Miller,2003-08-23,TC-US-ATL-01,US,CGT-B2,COLLECTED,2026-02-27T13:00:00Z,CRM
P-00183,CRM100183,SUBJ-IN-0183,MRN-204955,Reese Miller,2004-05-06,TC-AU-MEL-02,IN,CGT-B2,APHERESIS_PENDING,2026-02-28T06:00:00Z,CRM
P-00184,CRM100184,SUBJ-US-0184,MRN-199296,Jordan Nguyen,1974-09-30,TC-US-CHI-04,US,CGT-C3,QA_HOLD,2026-02-28T06:00:00Z,CRM
P-00185,CRM100185,SUBJ-CH-0185,MRN-494651,Casey Chen,1972-09-18,TC-CH-ZRH-01,CH,CGT-C3,COLLECTED,2026-03-02T21:00:00Z,CRM
P-00186,CRM100186,SUBJ-US-0186,MRN-632283,Avery Chen,1988-10-03,TC-US-BOS-02,US,CGT-C3,COLLECTED,2026-03-02T08:00:00Z,CRM
P-00187,CRM100187,SUBJ-SE-0187,MRN-612462,Rowan Miller,1995-11-02,TC-SE-STO-01,SE,CGT-A1,INFUSION_READY,2026-03-01T18:00:00Z,CRM
P-00188,CRM100188,SUBJ-AU-0188,MRN-840671,Drew Garcia,1968-09-20,TC-AU-SYD-01,AU,CGT-C3,APHERESIS_PENDING,2026-03-01T20:00:00Z,CRM
P-00189,CRM100189,SUBJ-FR-0189,MRN-234635,Emerson Wilson,2001-10-20,TC-FR-PAR-01,FR,CGT-A1,QC_PENDING,2026-03-03T07:00:00Z,CRM
P-00190,CRM100190,SUBJ-BE-0190,MRN-982757,Skyler Garcia,1998-07-01,TC-BE-BRU-01,BE,CGT-B2,RETURN_TRANSIT,2026-03-02T23:00:00Z,CRM
P-00191,CRM100191,SUBJ-NL-0191,MRN-356137,Casey Ito,2001-02-18,TC-NL-AMS-01,NL,CGT-B2,RETURN_TRANSIT,2026-03-02T22:00:00Z,CRM
P-00192,CRM100192,SUBJ-IT-0192,MRN-725750,Reese Smith,1973-11-04,TC-IT-MIL-01,IT,CGT-A1,INFUSED,2026-03-03T05:00:00Z,CRM
P-00193,CRM100193,SUBJ-FR-0193,MRN-888538,Morgan Singh,1986-04-04,TC-FR-PAR-01,FR,CGT-A1,INFUSION_READY,2026-03-02T19:00:00Z,CRM
P-00194,CRM100194,SUBJ-CA-0194,MRN-100193,Quinn Smith,1989-12-25,TC-CA-VAN-02,CA,CGT-A1,ENROLLED,2026-03-03T16:00:00Z,CRM
P-00195,CRM100195,SUBJ-GB-0195,MRN-400606,Taylor Nguyen,1968-12-30,TC-GB-MAN-02,GB,CGT-B2,ELIGIBLE,2026-03-03T03:00:00Z,CRM
P-00196,CRM100196,SUBJ-US-0196,MRN-209449,Avery Singh,2005-07-27,TC-US-CHI-04,US,CGT-A1,QC_PENDING,2026-03-03T21:00:00Z,CRM
P-00197,CRM100197,SUBJ-AE-0197,MRN-450719,Hayden Patel,1987-12-14,TC-AE-DXB-01,AE,CGT-C3,ENROLLED,2026-03-03T21:00:00Z,CRM
P-00198,CRM100198,SUBJ-US-0198,MRN-431377,Drew Patel,2005-09-07,TC-US-ATL-01,US,CGT-C3,IN_MANUFACTURING,2026-03-04T23:00:00Z,CRM
P-00199,CRM100199,SUBJ-JP-0199,MRN-545868,Jamie Nguyen,1983-08-11,TC-JP-TYO-01,JP,CGT-A1,INFUSION_READY,2026-03-06T13:00:00Z,CRM
P-00200,CRM100200,SUBJ-IN-0200,MRN-519794,Hayden Singh,1999-07-28,TC-IN-BLR-01,IN,CGT-B2,INFUSED,2026-03-06T07:00:00Z,CRM
P-00201,CRM100201,SUBJ-US-0201,MRN-170267,Jordan Lopez,1984-12-20,TC-US-SF-03,US,CGT-C3,IN_MANUFACTURING,2026-03-05T17:00:00Z,CRM
P-00202,CRM100202,SUBJ-DE-0202,MRN-453166,Quinn Smith,1992-12-27,TC-DE-BER-01,DE,CGT-C3,INFUSED,2026-03-06T00:00:00Z,CRM
P-00203,CRM100203,SUBJ-US-0203,MRN-265194,Riley Ito,1995-06-09,TC-US-ATL-01,US,CGT-B2,COLLECTED,2026-03-06T08:00:00Z,CRM
P-00204,CRM100204,SUBJ-BE-0204,MRN-124396,Avery Wilson,1976-10-07,TC-BE-BRU-01,BE,CGT-C3,INFUSION_READY,2026-03-06T08:00:00Z,CRM
P-00205,CRM100205,SUBJ-FR-0205,MRN-173726,Jamie Patel,1997-02-10,TC-FR-PAR-01,FR,CGT-A1,INFUSED,2026-03-06T20:00:00Z,CRM
P-00206,CRM100206,SUBJ-GB-0206,MRN-535247,Taylor Nguyen,1959-05-24,TC-GB-MAN-02,GB,CGT-C3,QC_PENDING,2026-03-06T07:00:00Z,CRM
P-00207,CRM100207,SUBJ-SG-0207,MRN-856996,Cameron Lopez,2004-02-23,TC-SG-SIN-01,SG,CGT-B2,QC_PENDING,2026-03-08T20:00:00Z,CRM
P-00208,CRM100208,SUBJ-AU-0208,MRN-562886,Morgan Garcia,1988-04-25,TC-AU-SYD-01,AU,CGT-C3,COLLECTED,2026-03-07T21:00:00Z,CRM
P-00209,CRM100209,SUBJ-JP-0209,MRN-981510,Avery Lopez,1973-08-02,TC-JP-TYO-01,JP,CGT-A1,QA_HOLD,2026-03-07T02:00:00Z,CRM
P-00210,CRM100210,SUBJ-US-0210,MRN-355675,Avery Garcia,1972-07-22,TC-US-BOS-02,US,CGT-A1,RETURN_TRANSIT,2026-03-07T20:00:00Z,CRM
P-00211,CRM100211,SUBJ-GB-0211,MRN-617041,Jordan Khan,1986-05-16,TC-GB-LON-01,GB,CGT-C3,RETURN_TRANSIT,2026-03-08T02:00:00Z,CRM
P-00212,CRM100212,SUBJ-SG-0212,MRN-516904,Hayden Patel,1970-11-28,TC-SG-SIN-01,SG,CGT-B2,QA_HOLD,2026-03-10T19:00:00Z,CRM
P-00213,CRM100213,SUBJ-AU-0213,MRN-423701,Reese Brown,2001-10-27,TC-AU-SYD-01,AU,CGT-C3,QA_HOLD,2026-03-09T02:00:00Z,CRM
P-00214,CRM100214,SUBJ-NL-0214,MRN-835174,Reese Ito,1977-08-02,TC-NL-AMS-01,NL,CGT-C3,QA_HOLD,2026-03-09T06:00:00Z,CRM
P-00215,CRM100215,SUBJ-GB-0215,MRN-208802,Morgan Brown,1959-04-22,TC-GB-LON-01,GB,CGT-C3,ENROLLED,2026-03-10T12:00:00Z,CRM
P-00216,CRM100216,SUBJ-US-0216,MRN-181661,Casey Wilson,1995-07-02,TC-US-CHI-04,US,CGT-C3,IN_MANUFACTURING,2026-03-09T18:00:00Z,CRM
P-00217,CRM100217,SUBJ-ES-0217,MRN-813546,Casey Brown,1972-03-07,TC-ES-MAD-01,ES,CGT-A1,QA_HOLD,2026-03-09T21:00:00Z,CRM
P-00218,CRM100218,SUBJ-SG-0218,MRN-654341,Jordan Brown,1989-01-13,TC-SG-SIN-01,SG,CGT-A1,ELIGIBLE,2026-03-11T09:00:00Z,CRM
P-00219,CRM100219,SUBJ-CA-0219,MRN-635317,Rowan Smith,2001-10-21,TC-CA-TOR-01,CA,CGT-A1,QC_PENDING,2026-03-10T07:00:00Z,CRM
P-00220,CRM100220,SUBJ-US-0220,MRN-602905,Riley Singh,1967-05-24,TC-US-CHI-04,US,CGT-C3,COLLECTED,2026-03-12T02:00:00Z,CRM
P-00221,CRM100221,SUBJ-GB-0221,MRN-387154,Avery Martin,1967-11-05,TC-GB-MAN-02,GB,CGT-A1,ELIGIBLE,2026-03-11T03:00:00Z,CRM
P-00222,CRM100222,SUBJ-DE-0222,MRN-775242,Emerson Chen,1998-01-23,TC-DE-MUC-02,DE,CGT-C3,ELIGIBLE,2026-03-13T15:00:00Z,CRM
P-00223,CRM100223,SUBJ-GB-0223,MRN-106637,Cameron Garcia,1964-08-30,TC-GB-LON-01,GB,CGT-B2,INFUSED,2026-03-13T04:00:00Z,CRM
P-00224,CRM100224,SUBJ-US-0224,MRN-872259,Rowan Brown,1969-10-09,TC-US-SF-03,US,CGT-B2,COLLECTED,2026-03-13T19:00:00Z,CRM
P-00225,CRM100225,SUBJ-CA-0225,MRN-107976,Casey Singh,1981-01-31,TC-CA-VAN-02,CA,CGT-B2,IN_MANUFACTURING,2026-03-14T08:00:00Z,CRM
P-00226,CRM100226,SUBJ-US-0226,MRN-462093,Emerson Singh,1972-10-24,TC-US-SF-03,US,CGT-C3,IN_MANUFACTURING,2026-03-12T10:00:00Z,CRM
P-00227,CRM100227,SUBJ-JP-0227,MRN-955045,Avery Brown,1992-01-04,TC-JP-OSA-02,JP,CGT-B2,COLLECTED,2026-03-12T09:00:00Z,CRM
P-00228,CRM100228,SUBJ-US-0228,MRN-411631,Casey Garcia,1960-07-24,TC-US-SF-03,US,CGT-C3,APHERESIS_PENDING,2026-03-13T13:00:00Z,CRM
P-00229,CRM100229,SUBJ-US-0229,MRN-901971,Jordan Stone,1975-03-19,TC-US-CHI-04,US,CGT-C3,APHERESIS_PENDING,2026-03-15T06:00:00Z,CRM
P-00230,CRM100230,SUBJ-DE-0230,MRN-313477,Jordan Nguyen,1986-03-30,TC-DE-BER-01,DE,CGT-A1,IN_MANUFACTURING,2026-03-15T13:00:00Z,CRM
P-00231,CRM100231,SUBJ-US-0231,MRN-236789,Jamie Garcia,2003-08-07,TC-US-CHI-04,US,CGT-B2,INFUSED,2026-03-15T01:00:00Z,CRM
P-00232,CRM100232,SUBJ-CH-0232,MRN-998402,Drew Nguyen,1993-01-05,TC-CH-ZRH-01,CH,CGT-B2,INFUSION_READY,2026-03-13T16:00:00Z,CRM
P-00233,CRM100233,SUBJ-US-0233,MRN-662757,Reese Garcia,1989-10-10,TC-US-ATL-01,US,CGT-A1,ELIGIBLE,2026-03-14T07:00:00Z,CRM
P-00234,CRM100234,SUBJ-FR-0234,MRN-199698,Avery Singh,1967-05-23,TC-FR-PAR-01,FR,CGT-A1,INFUSED,2026-03-16T21:00:00Z,CRM
P-00235,CRM100235,SUBJ-FR-0235,MRN-759578,Emerson Chen,1995-02-19,TC-FR-PAR-01,FR,CGT-B2,IN_MANUFACTURING,2026-03-16T05:00:00Z,CRM
P-00236,CRM100236,SUBJ-ES-0236,MRN-230392,Skyler Ito,1984-11-04,TC-ES-MAD-01,ES,CGT-C3,INFUSED,2026-03-15T10:00:00Z,CRM
P-00237,CRM100237,SUBJ-SG-0237,MRN-640700,Jordan Chen,1985-03-17,TC-SG-SIN-01,SG,CGT-A1,INFUSED,2026-03-17T23:00:00Z,CRM
P-00238,CRM100238,SUBJ-AU-0238,MRN-316990,Reese Khan,1977-03-07,TC-AU-MEL-02,AU,CGT-B2,IN_MANUFACTURING,2026-03-16T20:00:00Z,CRM
P-00239,CRM100239,SUBJ-JP-0239,MRN-968315,Skyler Nguyen,1994-09-20,TC-JP-TYO-01,JP,CGT-C3,COLLECTED,2026-03-18T06:00:00Z,CRM
P-00240,CRM100240,SUBJ-NL-0240,MRN-527350,Quinn Ito,1964-01-20,TC-NL-AMS-01,NL,CGT-B2,APHERESIS_PENDING,2026-03-17T02:00:00Z,CRM
P-00241,CRM100241,SUBJ-NL-0241,MRN-744827,Avery Garcia,2003-07-01,TC-NL-AMS-01,NL,CGT-C3,IN_MANUFACTURING,2026-03-16T14:00:00Z,CRM
P-00242,CRM100242,SUBJ-US-0242,MRN-454581,Casey Lopez,1969-01-04,TC-US-SF-03,US,CGT-B2,APHERESIS_PENDING,2026-03-18T01:00:00Z,CRM
P-00243,CRM100243,SUBJ-ES-0243,MRN-474634,Hayden Nguyen,1988-05-29,TC-ES-MAD-01,ES,CGT-C3,APHERESIS_PENDING,2026-03-17T05:00:00Z,CRM
P-00244,CRM100244,SUBJ-BE-0244,MRN-634876,Jordan Ito,1971-05-07,TC-BE-BRU-01,BE,CGT-A1,ELIGIBLE,2026-03-19T22:00:00Z,CRM
P-00245,CRM100245,SUBJ-AU-0245,MRN-962308,Jamie Singh,1999-04-19,TC-AU-SYD-01,AU,CGT-A1,ENROLLED,2026-03-19T03:00:00Z,CRM
P-00246,CRM100246,SUBJ-DE-0246,MRN-492291,Taylor Nguyen,1966-01-17,TC-DE-MUC-02,DE,CGT-A1,APHERESIS_PENDING,2026-03-19T13:00:00Z,CRM
P-00247,CRM100247,SUBJ-SG-0247,MRN-274633,Cameron Patel,1982-08-18,TC-SG-SIN-01,SG,CGT-B2,QA_HOLD,2026-03-20T12:00:00Z,CRM
P-00248,CRM100248,SUBJ-CA-0248,MRN-670251,Drew Smith,2003-07-26,TC-CA-TOR-01,CA,CGT-C3,ELIGIBLE,2026-03-21T01:00:00Z,CRM
P-00249,CRM100249,SUBJ-NL-0249,MRN-251969,Casey Brown,1983-09-24,TC-NL-AMS-01,NL,CGT-B2,QC_PENDING,2026-03-19T13:00:00Z,CRM
P-00250,CRM100250,SUBJ-JP-0250,MRN-565301,Cameron Garcia,1971-09-21,TC-JP-TYO-01,JP,CGT-B2,ENROLLED,2026-03-21T00:00:00Z,CRM
P-00251,CRM100251,SUBJ-CA-0251,MRN-190661,Jordan Singh,1978-11-13,TC-CA-VAN-02,CA,CGT-A1,INFUSION_READY,2026-03-19T13:00:00Z,CRM
P-00252,CRM100252,SUBJ-BE-0252,MRN-275906,Avery Garcia,1970-05-11,TC-BE-BRU-01,BE,CGT-A1,IN_MANUFACTURING,2026-03-21T12:00:00Z,CRM
P-00253,CRM100253,SUBJ-BE-0253,MRN-748129,Cameron Smith,1993-05-27,TC-BE-BRU-01,BE,CGT-A1,RETURN_TRANSIT,2026-03-22T12:00:00Z,CRM
P-00254,CRM100254,SUBJ-GB-0254,MRN-399665,Hayden Singh,2000-12-28,TC-GB-LON-01,GB,CGT-B2,IN_MANUFACTURING,2026-03-20T04:00:00Z,CRM
P-00255,CRM100255,SUBJ-JP-0255,MRN-456617,Reese Kim,1972-11-01,TC-JP-TYO-01,JP,CGT-B2,QA_HOLD,2026-03-20T19:00:00Z,CRM
P-00256,CRM100256,SUBJ-CH-0256,MRN-950383,Avery Patel,2005-03-17,TC-CH-ZRH-01,CH,CGT-A1,ELIGIBLE,2026-03-22T08:00:00Z,CRM
P-00257,CRM100257,SUBJ-CH-0257,MRN-227145,Drew Patel,1967-10-09,TC-CH-ZRH-01,CH,CGT-A1,ELIGIBLE,2026-03-21T10:00:00Z,CRM
P-00258,CRM100258,SUBJ-CA-0258,MRN-488366,Morgan Stone,1977-08-17,TC-CA-VAN-02,CA,CGT-A1,APHERESIS_PENDING,2026-03-23T16:00:00Z,CRM
P-00259,CRM100259,SUBJ-IN-0259,MRN-845813,Morgan Martin,1959-07-18,TC-IN-BLR-01,IN,CGT-A1,INFUSION_READY,2026-03-22T10:00:00Z,CRM
P-00260,CRM100260,SUBJ-CA-0260,MRN-802021,Morgan Wilson,1976-05-05,TC-CA-TOR-01,CA,CGT-C3,QA_HOLD,2026-03-21T22:00:00Z,CRM
P-00261,CRM100261,SUBJ-DE-0261,MRN-474837,Quinn Smith,1964-03-28,TC-DE-BER-01,DE,CGT-B2,ELIGIBLE,2026-03-22T16:00:00Z,CRM
P-00262,CRM100262,SUBJ-IT-0262,MRN-317163,Hayden Martin,1978-12-18,TC-IT-MIL-01,IT,CGT-A1,QC_PENDING,2026-03-25T04:00:00Z,CRM
P-00263,CRM100263,SUBJ-CA-0263,MRN-500507,Skyler Patel,1968-02-14,TC-CA-VAN-02,CA,CGT-C3,APHERESIS_PENDING,2026-03-23T04:00:00Z,CRM
P-00264,CRM100264,SUBJ-US-0264,MRN-609894,Quinn Miller,1970-12-24,TC-US-CHI-04,US,CGT-C3,COLLECTED,2026-03-25T09:00:00Z,CRM
P-00265,CRM100265,SUBJ-CH-0265,MRN-561436,Casey Miller,2001-07-05,TC-CH-ZRH-01,CH,CGT-A1,IN_MANUFACTURING,2026-03-24T18:00:00Z,CRM
P-00266,CRM100266,SUBJ-DE-0266,MRN-492680,Casey Nguyen,2004-03-25,TC-DE-MUC-02,DE,CGT-A1,ELIGIBLE,2026-03-25T05:00:00Z,CRM
P-00267,CRM100267,SUBJ-SG-0267,MRN-268620,Morgan Kim,1994-01-03,TC-SG-SIN-01,SG,CGT-B2,INFUSED,2026-03-24T08:00:00Z,CRM
P-00268,CRM100268,SUBJ-JP-0268,MRN-436214,Drew Brown,1974-07-14,TC-JP-TYO-01,JP,CGT-B2,ELIGIBLE,2026-03-24T05:00:00Z,CRM
P-00269,CRM100269,SUBJ-IT-0269,MRN-453852,Hayden Patel,1981-09-28,TC-IT-MIL-01,IT,CGT-B2,INFUSED,2026-03-26T00:00:00Z,CRM
P-00270,CRM100270,SUBJ-FR-0270,MRN-214961,Riley Kim,1998-11-06,TC-FR-PAR-01,FR,CGT-B2,COLLECTED,2026-03-26T13:00:00Z,CRM
P-00271,CRM100271,SUBJ-GB-0271,MRN-906139,Casey Martin,1987-07-12,TC-GB-LON-01,GB,CGT-B2,APHERESIS_PENDING,2026-03-27T09:00:00Z,CRM
P-00272,CRM100272,SUBJ-DE-0272,MRN-944774,Taylor Stone,1960-10-29,TC-DE-BER-01,DE,CGT-B2,IN_MANUFACTURING,2026-03-26T19:00:00Z,CRM
P-00273,CRM100273,SUBJ-ES-0273,MRN-289966,Jordan Khan,2001-07-26,TC-ES-MAD-01,ES,CGT-C3,INFUSION_READY,2026-03-26T16:00:00Z,CRM
P-00274,CRM100274,SUBJ-GB-0274,MRN-966378,Morgan Martin,1996-07-27,TC-GB-LON-01,GB,CGT-C3,INFUSED,2026-03-26T13:00:00Z,CRM
P-00275,CRM100275,SUBJ-DE-0275,MRN-894617,Quinn Lopez,1985-12-18,TC-DE-BER-01,DE,CGT-B2,ENROLLED,2026-03-27T19:00:00Z,CRM
P-00276,CRM100276,SUBJ-JP-0276,MRN-924658,Rowan Chen,1978-05-11,TC-JP-OSA-02,JP,CGT-A1,IN_MANUFACTURING,2026-03-29T04:00:00Z,CRM
P-00277,CRM100277,SUBJ-US-0277,MRN-610145,Reese Wilson,2000-05-27,TC-US-CHI-04,US,CGT-A1,RETURN_TRANSIT,2026-03-27T21:00:00Z,CRM
P-00278,CRM100278,SUBJ-NL-0278,MRN-864811,Emerson Nguyen,1997-03-05,TC-NL-AMS-01,NL,CGT-A1,ELIGIBLE,2026-03-29T21:00:00Z,CRM
P-00279,CRM100279,SUBJ-JP-0279,MRN-945390,Rowan Stone,1958-09-07,TC-JP-TYO-01,JP,CGT-A1,RETURN_TRANSIT,2026-03-28T19:00:00Z,CRM
P-00280,CRM100280,SUBJ-CH-0280,MRN-737414,Reese Wilson,1989-11-25,TC-CH-ZRH-01,CH,CGT-A1,RETURN_TRANSIT,2026-03-27T19:00:00Z,CRM
P-00281,CRM100281,SUBJ-IN-0281,MRN-668925,Hayden Wilson,2000-06-05,TC-IN-BLR-01,IN,CGT-B2,COLLECTED,2026-03-30T12:00:00Z,CRM
P-00282,CRM100282,SUBJ-NL-0282,MRN-979095,Casey Martin,2005-09-28,TC-NL-AMS-01,NL,CGT-A1,IN_MANUFACTURING,2026-03-31T00:00:00Z,CRM
P-00283,CRM100283,SUBJ-IT-0283,MRN-569764,Riley Lopez,2001-04-30,TC-IT-MIL-01,IT,CGT-C3,INFUSED,2026-03-29T10:00:00Z,CRM
P-00284,CRM100284,SUBJ-CA-0284,MRN-493804,Hayden Smith,1976-09-25,TC-CA-VAN-02,CA,CGT-A1,QA_HOLD,2026-03-30T12:00:00Z,CRM
P-00285,CRM100285,SUBJ-AU-0285,MRN-365781,Jamie Nguyen,1975-07-16,TC-AU-MEL-02,AU,CGT-A1,APHERESIS_PENDING,2026-03-31T11:00:00Z,CRM
P-00286,CRM100286,SUBJ-SG-0286,MRN-543045,Jamie Miller,1987-07-15,TC-SG-SIN-01,SG,CGT-A1,IN_MANUFACTURING,2026-03-30T04:00:00Z,CRM
P-00287,CRM100287,SUBJ-US-0287,MRN-584932,Jordan Brown,1984-04-24,TC-US-ATL-01,US,CGT-C3,APHERESIS_PENDING,2026-03-31T18:00:00Z,CRM
P-00288,CRM100288,SUBJ-US-0288,MRN-821674,Jamie Stone,1965-05-14,TC-US-ATL-01,US,CGT-B2,ELIGIBLE,2026-04-01T03:00:00Z,CRM
P-00289,CRM100289,SUBJ-NL-0289,MRN-264762,Quinn Kim,1974-07-22,TC-NL-AMS-01,NL,CGT-A1,IN_MANUFACTURING,2026-04-01T03:00:00Z,CRM
P-00290,CRM100290,SUBJ-DE-0290,MRN-977042,Cameron Nguyen,2006-12-02,TC-DE-BER-01,DE,CGT-C3,COLLECTED,2026-04-01T11:00:00Z,CRM
P-00291,CRM100291,SUBJ-DE-0291,MRN-100290,Taylor Chen,1977-08-11,TC-DE-MUC-02,DE,CGT-B2,COLLECTED,2026-03-31T15:00:00Z,CRM
P-00292,CRM100292,SUBJ-BE-0292,MRN-162059,Casey Stone,2003-03-09,TC-BE-BRU-01,BE,CGT-B2,INFUSED,2026-03-31T11:00:00Z,CRM
P-00293,CRM100293,SUBJ-FR-0293,MRN-805742,Reese Garcia,1994-06-09,TC-FR-PAR-01,FR,CGT-C3,INFUSED,2026-03-31T13:00:00Z,CRM
P-00294,CRM100294,SUBJ-SE-0294,MRN-459421,Avery Khan,1992-06-21,TC-SE-STO-01,SE,CGT-B2,QC_PENDING,2026-04-01T21:00:00Z,CRM
P-00295,CRM100295,SUBJ-IT-0295,MRN-361445,Reese Kim,1974-08-14,TC-IT-MIL-01,IT,CGT-C3,QA_HOLD,2026-04-03T18:00:00Z,CRM
P-00296,CRM100296,SUBJ-ES-0296,MRN-869785,Reese Nguyen,1969-03-06,TC-ES-MAD-01,ES,CGT-B2,INFUSION_READY,2026-04-04T00:00:00Z,CRM
P-00297,CRM100297,SUBJ-DE-0297,MRN-452650,Jamie Chen,1993-08-26,TC-DE-BER-01,DE,CGT-A1,IN_MANUFACTURING,2026-04-01T18:00:00Z,CRM
P-00298,CRM100298,SUBJ-US-0298,MRN-481604,Taylor Kim,1996-04-27,TC-US-CHI-04,US,CGT-A1,COLLECTED,2026-04-02T17:00:00Z,CRM
P-00299,CRM100299,SUBJ-SE-0299,MRN-480009,Jamie Lopez,1991-08-22,TC-SE-STO-01,SE,CGT-A1,INFUSED,2026-04-03T23:00:00Z,CRM
P-00300,CRM100300,SUBJ-CA-0300,MRN-407073,Skyler Brown,1986-05-25,TC-CA-VAN-02,CA,CGT-A1,RETURN_TRANSIT,2026-04-04T03:00:00Z,CRM
P-00301,CRM100301,SUBJ-GB-0301,MRN-947844,Morgan Ito,1996-04-01,TC-GB-LON-01,GB,CGT-A1,IN_MANUFACTURING,2026-04-04T22:00:00Z,CRM
P-00302,CRM100302,SUBJ-CA-0302,MRN-758370,Emerson Martin,1998-01-05,TC-CA-VAN-02,CA,CGT-A1,ELIGIBLE,2026-04-05T08:00:00Z,CRM
P-00303,CRM100303,SUBJ-US-0303,MRN-614581,Taylor Singh,2005-04-02,TC-US-CHI-04,US,CGT-B2,IN_MANUFACTURING,2026-04-04T17:00:00Z,CRM
P-00304,CRM100304,SUBJ-AU-0304,MRN-642651,Quinn Chen,1961-05-11,TC-AU-MEL-02,AU,CGT-B2,RETURN_TRANSIT,2026-04-04T12:00:00Z,CRM
P-00305,CRM100305,SUBJ-JP-0305,MRN-602827,Cameron Smith,1960-05-01,TC-CA-VAN-02,JP,CGT-C3,ENROLLED,2026-04-06T14:00:00Z,CRM
P-00306,CRM100306,SUBJ-IN-0306,MRN-139713,Cameron Ito,1958-05-03,TC-IN-BLR-01,IN,CGT-B2,APHERESIS_PENDING,2026-04-06T23:00:00Z,CRM
P-00307,CRM100307,SUBJ-GB-0307,MRN-628373,Rowan Miller,1975-02-13,TC-GB-LON-01,GB,CGT-A1,IN_MANUFACTURING,2026-04-04T15:00:00Z,CRM
P-00308,CRM100308,SUBJ-US-0308,MRN-334176,Avery Khan,2004-08-20,TC-US-CHI-04,US,CGT-C3,COLLECTED,2026-04-05T17:00:00Z,CRM
P-00309,CRM100309,SUBJ-AU-0309,MRN-231964,Drew Brown,1958-01-26,TC-AU-MEL-02,AU,CGT-B2,IN_MANUFACTURING,2026-04-07T01:00:00Z,CRM
P-00310,CRM100310,SUBJ-AU-0310,MRN-717833,Casey Ito,1960-12-11,TC-AU-SYD-01,AU,CGT-B2,INFUSION_READY,2026-04-06T17:00:00Z,CRM
P-00311,CRM100311,SUBJ-DE-0311,MRN-483408,Riley Patel,1995-08-14,TC-DE-BER-01,DE,CGT-A1,IN_MANUFACTURING,2026-04-08T15:00:00Z,CRM
P-00312,CRM100312,SUBJ-US-0312,MRN-515563,Avery Garcia,1984-05-16,TC-US-CHI-04,US,CGT-C3,RETURN_TRANSIT,2026-04-08T11:00:00Z,CRM
P-00313,CRM100313,SUBJ-ES-0313,MRN-112948,Casey Martin,1999-10-28,TC-ES-MAD-01,ES,CGT-C3,COLLECTED,2026-04-08T06:00:00Z,CRM
P-00314,CRM100314,SUBJ-NL-0314,MRN-999387,Emerson Kim,1972-11-07,TC-NL-AMS-01,NL,CGT-A1,ENROLLED,2026-04-08T18:00:00Z,CRM
P-00315,CRM100315,SUBJ-AU-0315,MRN-481293,Avery Brown,1969-07-19,TC-AU-SYD-01,AU,CGT-C3,COLLECTED,2026-04-09T03:00:00Z,CRM
P-00316,CRM100316,SUBJ-GB-0316,MRN-607187,Hayden Ito,1974-06-05,TC-GB-MAN-02,GB,CGT-B2,RETURN_TRANSIT,2026-04-07T16:00:00Z,CRM
P-00317,CRM100317,SUBJ-DE-0317,MRN-293836,Jamie Ito,1972-05-02,TC-DE-MUC-02,DE,CGT-B2,ELIGIBLE,2026-04-07T14:00:00Z,CRM
P-00318,CRM100318,SUBJ-GB-0318,MRN-843561,Quinn Stone,1982-11-03,TC-GB-LON-01,GB,CGT-C3,APHERESIS_PENDING,2026-04-10T05:00:00Z,CRM
P-00319,CRM100319,SUBJ-NL-0319,MRN-667364,Reese Ito,1986-04-22,TC-NL-AMS-01,NL,CGT-C3,INFUSED,2026-04-09T20:00:00Z,CRM
P-00320,CRM100320,SUBJ-SE-0320,MRN-205020,Morgan Martin,2004-07-02,TC-SE-STO-01,SE,CGT-C3,INFUSED,2026-04-10T04:00:00Z,CRM
P-00321,CRM100321,SUBJ-US-0321,MRN-631220,Cameron Ito,1961-05-10,TC-US-CHI-04,US,CGT-B2,IN_MANUFACTURING,2026-04-09T17:00:00Z,CRM
P-00322,CRM100322,SUBJ-CA-0322,MRN-779798,Cameron Miller,1972-02-19,TC-CA-TOR-01,CA,CGT-C3,IN_MANUFACTURING,2026-04-09T12:00:00Z,CRM
P-00323,CRM100323,SUBJ-AU-0323,MRN-883700,Skyler Miller,2001-04-27,TC-AU-SYD-01,AU,CGT-B2,INFUSION_READY,2026-04-11T21:00:00Z,CRM
P-00324,CRM100324,SUBJ-ES-0324,MRN-832911,Jordan Smith,2003-08-24,TC-ES-MAD-01,ES,CGT-A1,INFUSED,2026-04-09T22:00:00Z,CRM
P-00325,CRM100325,SUBJ-DE-0325,MRN-239296,Jordan Nguyen,1986-10-18,TC-DE-MUC-02,DE,CGT-A1,COLLECTED,2026-04-10T03:00:00Z,CRM
P-00326,CRM100326,SUBJ-BE-0326,MRN-829184,Rowan Nguyen,1984-06-16,TC-BE-BRU-01,BE,CGT-C3,INFUSION_READY,2026-04-11T12:00:00Z,CRM
P-00327,CRM100327,SUBJ-DE-0327,MRN-361558,Quinn Khan,1962-03-12,TC-DE-MUC-02,DE,CGT-C3,COLLECTED,2026-04-12T19:00:00Z,CRM
P-00328,CRM100328,SUBJ-JP-0328,MRN-657796,Morgan Khan,1974-11-19,TC-JP-TYO-01,JP,CGT-A1,INFUSED,2026-04-13T05:00:00Z,CRM
P-00329,CRM100329,SUBJ-US-0329,MRN-289313,Morgan Martin,1994-02-20,TC-US-BOS-02,US,CGT-C3,COLLECTED,2026-04-12T22:00:00Z,CRM
P-00330,CRM100330,SUBJ-IN-0330,MRN-738501,Reese Brown,1971-05-29,TC-IN-BLR-01,IN,CGT-B2,INFUSED,2026-04-11T11:00:00Z,CRM
P-00331,CRM100331,SUBJ-SG-0331,MRN-311248,Cameron Smith,1965-02-16,TC-SG-SIN-01,SG,CGT-A1,APHERESIS_PENDING,2026-04-11T21:00:00Z,CRM
P-00332,CRM100332,SUBJ-US-0332,MRN-307598,Cameron Lopez,1963-05-21,TC-US-BOS-02,US,CGT-B2,QC_PENDING,2026-04-13T21:00:00Z,CRM
P-00333,CRM100333,SUBJ-DE-0333,MRN-544531,Cameron Kim,1991-11-23,TC-DE-BER-01,DE,CGT-C3,QA_HOLD,2026-04-12T17:00:00Z,CRM
P-00334,CRM100334,SUBJ-SG-0334,MRN-497032,Rowan Kim,1972-04-12,TC-SG-SIN-01,SG,CGT-B2,RETURN_TRANSIT,2026-04-14T21:00:00Z,CRM
P-00335,CRM100335,SUBJ-DE-0335,MRN-248199,Drew Ito,1968-10-30,TC-DE-MUC-02,DE,CGT-C3,IN_MANUFACTURING,2026-04-14T07:00:00Z,CRM
P-00336,CRM100336,SUBJ-CA-0336,MRN-597717,Morgan Chen,1980-02-14,TC-CA-VAN-02,CA,CGT-B2,APHERESIS_PENDING,2026-04-15T09:00:00Z,CRM
P-00337,CRM100337,SUBJ-IT-0337,MRN-678003,Taylor Kim,2004-09-29,TC-IT-MIL-01,IT,CGT-C3,QA_HOLD,2026-04-15T09:00:00Z,CRM
P-00338,CRM100338,SUBJ-SE-0338,MRN-793366,Reese Martin,1973-02-08,TC-SE-STO-01,SE,CGT-C3,QC_PENDING,2026-04-16T01:00:00Z,CRM
P-00339,CRM100339,SUBJ-DE-0339,MRN-516069,Taylor Khan,1970-11-05,TC-DE-BER-01,DE,CGT-C3,RETURN_TRANSIT,2026-04-15T09:00:00Z,CRM
P-00340,CRM100340,SUBJ-AU-0340,MRN-488410,Jamie Wilson,1992-10-07,TC-AU-SYD-01,AU,CGT-B2,QC_PENDING,2026-04-16T01:00:00Z,CRM
P-00341,CRM100341,SUBJ-JP-0341,MRN-965712,Hayden Ito,2001-05-07,TC-JP-TYO-01,JP,CGT-C3,APHERESIS_PENDING,2026-04-16T21:00:00Z,CRM
P-00342,CRM100342,SUBJ-BE-0342,MRN-348285,Hayden Lopez,1983-08-17,TC-BE-BRU-01,BE,CGT-A1,INFUSED,2026-04-15T05:00:00Z,CRM
P-00343,CRM100343,SUBJ-GB-0343,MRN-135543,Skyler Nguyen,1997-10-11,TC-GB-LON-01,GB,CGT-B2,COLLECTED,2026-04-16T08:00:00Z,CRM
P-00344,CRM100344,SUBJ-GB-0344,MRN-815747,Jordan Ito,1971-07-14,TC-GB-LON-01,GB,CGT-C3,IN_MANUFACTURING,2026-04-16T05:00:00Z,CRM
P-00345,CRM100345,SUBJ-JP-0345,MRN-434957,Riley Wilson,1997-11-30,TC-JP-OSA-02,JP,CGT-C3,APHERESIS_PENDING,2026-04-16T06:00:00Z,CRM
P-00346,CRM100346,SUBJ-US-0346,MRN-157043,Emerson Ito,1960-11-05,TC-US-CHI-04,US,CGT-A1,IN_MANUFACTURING,2026-04-15T22:00:00Z,CRM
P-00347,CRM100347,SUBJ-SG-0347,MRN-389178,Emerson Ito,1970-01-02,TC-SG-SIN-01,SG,CGT-B2,ELIGIBLE,2026-04-16T05:00:00Z,CRM
P-00348,CRM100348,SUBJ-JP-0348,MRN-665476,Taylor Stone,1968-12-04,TC-JP-TYO-01,JP,CGT-B2,COLLECTED,2026-04-18T10:00:00Z,CRM
P-00349,CRM100349,SUBJ-CA-0349,MRN-504106,Skyler Singh,1962-06-15,TC-CA-VAN-02,CA,CGT-C3,COLLECTED,2026-04-19T06:00:00Z,CRM
P-00350,CRM100350,SUBJ-CA-0350,MRN-413536,Jamie Ito,1978-08-22,TC-CA-VAN-02,CA,CGT-C3,IN_MANUFACTURING,2026-04-19T15:00:00Z,CRM
P-00351,CRM100351,SUBJ-SG-0351,MRN-658084,Cameron Brown,1978-09-02,TC-SG-SIN-01,SG,CGT-A1,QC_PENDING,2026-04-17T21:00:00Z,CRM
P-00352,CRM100352,SUBJ-CA-0352,MRN-373392,Skyler Lopez,2004-02-29,TC-CA-TOR-01,CA,CGT-B2,COLLECTED,2026-04-20T10:00:00Z,CRM
P-00353,CRM100353,SUBJ-JP-0353,MRN-251914,Jamie Brown,1983-05-16,TC-JP-TYO-01,JP,CGT-A1,COLLECTED,2026-04-20T08:00:00Z,CRM
P-00354,CRM100354,SUBJ-IN-0354,MRN-698690,Cameron Kim,1981-04-22,TC-IN-BLR-01,IN,CGT-B2,IN_MANUFACTURING,2026-04-20T17:00:00Z,CRM
P-00355,CRM100355,SUBJ-ES-0355,MRN-306424,Rowan Chen,1963-06-03,TC-ES-MAD-01,ES,CGT-B2,IN_MANUFACTURING,2026-04-19T10:00:00Z,CRM
P-00356,CRM100356,SUBJ-GB-0356,MRN-424327,Cameron Brown,1988-09-13,TC-GB-MAN-02,GB,CGT-B2,IN_MANUFACTURING,2026-04-19T18:00:00Z,CRM
P-00357,CRM100357,SUBJ-US-0357,MRN-883668,Jamie Wilson,2004-12-31,TC-US-SF-03,US,CGT-C3,INFUSED,2026-04-19T16:00:00Z,CRM
P-00358,CRM100358,SUBJ-GB-0358,MRN-144589,Hayden Kim,1964-12-03,TC-GB-LON-01,GB,CGT-C3,ELIGIBLE,2026-04-21T15:00:00Z,CRM
P-00359,CRM100359,SUBJ-FR-0359,MRN-117602,Jamie Singh,2003-06-18,TC-FR-PAR-01,FR,CGT-A1,QC_PENDING,2026-04-22T16:00:00Z,CRM
P-00360,CRM100360,SUBJ-DE-0360,MRN-479870,Jordan Kim,1999-10-08,TC-DE-MUC-02,DE,CGT-A1,QC_PENDING,2026-04-21T01:00:00Z,CRM
P-00361,CRM100361,SUBJ-GB-0361,MRN-237830,Jordan Nguyen,1982-08-03,TC-GB-MAN-02,GB,CGT-C3,APHERESIS_PENDING,2026-04-20T12:00:00Z,CRM
P-00362,CRM100362,SUBJ-GB-0362,MRN-513898,Taylor Stone,1987-06-10,TC-GB-LON-01,GB,CGT-B2,IN_MANUFACTURING,2026-04-22T02:00:00Z,CRM
P-00363,CRM100363,SUBJ-JP-0363,MRN-582393,Quinn Martin,1978-03-10,TC-JP-TYO-01,JP,CGT-B2,APHERESIS_PENDING,2026-04-22T09:00:00Z,CRM
P-00364,CRM100364,SUBJ-GB-0364,MRN-157687,Riley Patel,1995-07-22,TC-GB-MAN-02,GB,CGT-C3,RETURN_TRANSIT,2026-04-22T22:00:00Z,CRM
P-00365,CRM100365,SUBJ-US-0365,MRN-241467,Casey Singh,1972-06-23,TC-US-CHI-04,US,CGT-C3,IN_MANUFACTURING,2026-04-24T05:00:00Z,CRM
P-00366,CRM100366,SUBJ-CA-0366,MRN-266225,Morgan Miller,1997-07-23,TC-US-SF-03,CA,CGT-B2,QC_PENDING,2026-04-23T03:00:00Z,CRM
P-00367,CRM100367,SUBJ-US-0367,MRN-646778,Jamie Martin,1980-05-14,TC-US-CHI-04,US,CGT-A1,INFUSED,2026-04-24T21:00:00Z,CRM
P-00368,CRM100368,SUBJ-IT-0368,MRN-757532,Jordan Chen,1987-09-27,TC-IT-MIL-01,IT,CGT-A1,INFUSED,2026-04-23T04:00:00Z,CRM
P-00369,CRM100369,SUBJ-SE-0369,MRN-739279,Emerson Brown,1964-05-04,TC-SE-STO-01,SE,CGT-A1,INFUSED,2026-04-24T22:00:00Z,CRM
P-00370,CRM100370,SUBJ-SG-0370,MRN-598488,Quinn Martin,1962-12-29,TC-SG-SIN-01,SG,CGT-C3,COLLECTED,2026-04-25T19:00:00Z,CRM
P-00371,CRM100371,SUBJ-CA-0371,MRN-207955,Emerson Garcia,1966-07-15,TC-CA-TOR-01,CA,CGT-A1,ENROLLED,2026-04-24T20:00:00Z,CRM
P-00372,CRM100372,SUBJ-AU-0372,MRN-990823,Drew Lopez,1990-02-27,TC-AU-MEL-02,AU,CGT-B2,QA_HOLD,2026-04-25T10:00:00Z,CRM
P-00373,CRM100373,SUBJ-JP-0373,MRN-689724,Avery Smith,1987-07-20,TC-JP-TYO-01,JP,CGT-A1,QA_HOLD,2026-04-24T22:00:00Z,CRM
P-00374,CRM100374,SUBJ-US-0374,MRN-806418,Rowan Wilson,1996-08-05,TC-US-BOS-02,US,CGT-A1,ELIGIBLE,2026-04-26T23:00:00Z,CRM
P-00375,CRM100375,SUBJ-BE-0375,MRN-922429,Taylor Lopez,1983-10-13,TC-BE-BRU-01,BE,CGT-B2,IN_MANUFACTURING,2026-04-24T23:00:00Z,CRM
P-00376,CRM100376,SUBJ-DE-0376,MRN-862058,Quinn Ito,1993-05-14,TC-DE-BER-01,DE,CGT-C3,QA_HOLD,2026-04-24T16:00:00Z,CRM
P-00377,CRM100377,SUBJ-BE-0377,MRN-358206,Riley Chen,1965-02-21,TC-BE-BRU-01,BE,CGT-C3,QC_PENDING,2026-04-26T04:00:00Z,CRM
P-00378,CRM100378,SUBJ-SE-0378,MRN-569076,Emerson Chen,1962-10-23,TC-SE-STO-01,SE,CGT-A1,COLLECTED,2026-04-26T16:00:00Z,CRM
P-00379,CRM100379,SUBJ-AU-0379,MRN-158350,Drew Brown,1978-02-18,TC-AU-MEL-02,AU,CGT-A1,COLLECTED,2026-04-27T16:00:00Z,CRM
P-00380,CRM100380,SUBJ-IN-0380,MRN-574821,Taylor Lopez,2003-06-27,TC-IN-BLR-01,IN,CGT-C3,IN_MANUFACTURING,2026-04-26T20:00:00Z,CRM
P-00381,CRM100381,SUBJ-AE-0381,MRN-301583,Hayden Ito,1998-05-15,TC-AE-DXB-01,AE,CGT-A1,IN_MANUFACTURING,2026-04-27T01:00:00Z,CRM
P-00382,CRM100382,SUBJ-AU-0382,MRN-455952,Avery Singh,1975-04-14,TC-AU-MEL-02,AU,CGT-C3,QC_PENDING,2026-04-28T00:00:00Z,CRM
P-00383,CRM100383,SUBJ-US-0383,MRN-678086,Cameron Brown,1998-01-09,TC-US-SF-03,US,CGT-C3,APHERESIS_PENDING,2026-04-29T14:00:00Z,CRM
P-00384,CRM100384,SUBJ-AE-0384,MRN-550462,Taylor Brown,1975-05-08,TC-AE-DXB-01,AE,CGT-C3,COLLECTED,2026-04-27T05:00:00Z,CRM
P-00385,CRM100385,SUBJ-SG-0385,MRN-815257,Reese Lopez,1981-01-05,TC-SG-SIN-01,SG,CGT-A1,INFUSION_READY,2026-04-28T10:00:00Z,CRM
P-00386,CRM100386,SUBJ-CA-0386,MRN-674222,Emerson Kim,1985-07-17,TC-CA-VAN-02,CA,CGT-C3,APHERESIS_PENDING,2026-04-30T11:00:00Z,CRM
P-00387,CRM100387,SUBJ-AU-0387,MRN-956480,Hayden Miller,1958-07-06,TC-AU-MEL-02,AU,CGT-B2,APHERESIS_PENDING,2026-04-27T22:00:00Z,CRM
P-00388,CRM100388,SUBJ-CA-0388,MRN-100387,Cameron Stone,1979-01-10,TC-CA-TOR-01,CA,CGT-C3,QA_HOLD,2026-04-29T09:00:00Z,CRM
P-00389,CRM100389,SUBJ-FR-0389,MRN-976825,Skyler Khan,1964-11-17,TC-FR-PAR-01,FR,CGT-C3,APHERESIS_PENDING,2026-05-01T05:00:00Z,CRM
P-00390,CRM100390,SUBJ-IT-0390,MRN-736108,Casey Garcia,1992-11-15,TC-IT-MIL-01,IT,CGT-A1,RETURN_TRANSIT,2026-04-30T11:00:00Z,CRM
P-00391,CRM100391,SUBJ-IT-0391,MRN-384670,Jordan Chen,1991-10-12,TC-IT-MIL-01,IT,CGT-A1,IN_MANUFACTURING,2026-04-29T12:00:00Z,CRM
P-00392,CRM100392,SUBJ-SE-0392,MRN-439986,Emerson Singh,2000-07-30,TC-SE-STO-01,SE,CGT-A1,QA_HOLD,2026-05-02T03:00:00Z,CRM
P-00393,CRM100393,SUBJ-IT-0393,MRN-690643,Casey Singh,1980-12-22,TC-IT-MIL-01,IT,CGT-B2,QC_PENDING,2026-04-29T15:00:00Z,CRM
P-00394,CRM100394,SUBJ-SE-0394,MRN-780659,Drew Wilson,1969-07-05,TC-SE-STO-01,SE,CGT-A1,IN_MANUFACTURING,2026-05-01T08:00:00Z,CRM
P-00395,CRM100395,SUBJ-DE-0395,MRN-120813,Avery Wilson,1994-04-18,TC-DE-MUC-02,DE,CGT-C3,COLLECTED,2026-05-01T05:00:00Z,CRM
P-00396,CRM100396,SUBJ-DE-0396,MRN-782606,Taylor Brown,1998-01-09,TC-DE-BER-01,DE,CGT-B2,INFUSED,2026-05-03T12:00:00Z,CRM
P-00397,CRM100397,SUBJ-SE-0397,MRN-341951,Rowan Garcia,2004-05-19,TC-SE-STO-01,SE,CGT-B2,APHERESIS_PENDING,2026-05-01T02:00:00Z,CRM
P-00398,CRM100398,SUBJ-CA-0398,MRN-229201,Drew Garcia,1959-04-13,TC-CA-TOR-01,CA,CGT-B2,COLLECTED,2026-05-03T17:00:00Z,CRM
P-00399,CRM100399,SUBJ-CA-0399,MRN-194125,Rowan Wilson,1972-05-14,TC-CA-TOR-01,CA,CGT-A1,INFUSED,2026-05-03T04:00:00Z,CRM
P-00400,CRM100400,SUBJ-US-0400,MRN-771877,Quinn Smith,1998-12-06,TC-US-ATL-01,US,CGT-B2,COLLECTED,2026-05-03T23:00:00Z,CRM
P-00401,CRM100401,SUBJ-FR-0401,MRN-511697,Emerson Garcia,1961-04-04,TC-FR-PAR-01,FR,CGT-B2,IN_MANUFACTURING,2026-05-03T02:00:00Z,CRM
P-00402,CRM100402,SUBJ-SE-0402,MRN-389597,Hayden Chen,1985-10-25,TC-SE-STO-01,SE,CGT-A1,INFUSED,2026-05-03T00:00:00Z,CRM
P-00403,CRM100403,SUBJ-AU-0403,MRN-352856,Drew Singh,2007-01-09,TC-AU-MEL-02,AU,CGT-A1,INFUSED,2026-05-02T22:00:00Z,CRM
P-00404,CRM100404,SUBJ-DE-0404,MRN-158425,Taylor Ito,1981-03-06,TC-DE-BER-01,DE,CGT-C3,APHERESIS_PENDING,2026-05-03T09:00:00Z,CRM
P-00405,CRM100405,SUBJ-ES-0405,MRN-886757,Reese Smith,1981-08-22,TC-ES-MAD-01,ES,CGT-B2,INFUSED,2026-05-03T19:00:00Z,CRM
P-00406,CRM100406,SUBJ-CH-0406,MRN-139772,Morgan Garcia,1981-12-30,TC-CH-ZRH-01,CH,CGT-B2,QC_PENDING,2026-05-05T01:00:00Z,CRM
P-00407,CRM100407,SUBJ-GB-0407,MRN-291112,Drew Lopez,1963-08-29,TC-GB-LON-01,GB,CGT-B2,ELIGIBLE,2026-05-05T01:00:00Z,CRM
P-00408,CRM100408,SUBJ-JP-0408,MRN-382563,Quinn Lopez,1989-07-03,TC-JP-OSA-02,JP,CGT-C3,ELIGIBLE,2026-05-06T18:00:00Z,CRM
P-00409,CRM100409,SUBJ-SE-0409,MRN-911752,Quinn Miller,1974-06-08,TC-SE-STO-01,SE,CGT-C3,IN_MANUFACTURING,2026-05-07T00:00:00Z,CRM
P-00410,CRM100410,SUBJ-CA-0410,MRN-509373,Morgan Brown,1996-09-02,TC-CA-TOR-01,CA,CGT-A1,INFUSION_READY,2026-05-06T20:00:00Z,CRM
P-00411,CRM100411,SUBJ-JP-0411,MRN-479920,Taylor Patel,2006-08-22,TC-JP-TYO-01,JP,CGT-C3,IN_MANUFACTURING,2026-05-06T08:00:00Z,CRM
P-00412,CRM100412,SUBJ-CA-0412,MRN-282891,Cameron Wilson,1961-06-18,TC-CA-TOR-01,CA,CGT-C3,QC_PENDING,2026-05-06T06:00:00Z,CRM
P-00413,CRM100413,SUBJ-DE-0413,MRN-755169,Morgan Singh,1995-10-02,TC-DE-MUC-02,DE,CGT-C3,QA_HOLD,2026-05-07T19:00:00Z,CRM
P-00414,CRM100414,SUBJ-AE-0414,MRN-399131,Taylor Smith,1995-04-04,TC-AE-DXB-01,AE,CGT-B2,COLLECTED,2026-05-05T22:00:00Z,CRM
P-00415,CRM100415,SUBJ-FR-0415,MRN-464619,Quinn Garcia,1995-10-02,TC-FR-PAR-01,FR,CGT-A1,COLLECTED,2026-05-06T07:00:00Z,CRM
P-00416,CRM100416,SUBJ-FR-0416,MRN-163899,Skyler Martin,1958-03-22,TC-FR-PAR-01,FR,CGT-B2,APHERESIS_PENDING,2026-05-07T12:00:00Z,CRM
P-00417,CRM100417,SUBJ-DE-0417,MRN-182980,Skyler Garcia,1993-02-13,TC-DE-MUC-02,DE,CGT-B2,COLLECTED,2026-05-09T01:00:00Z,CRM
P-00418,CRM100418,SUBJ-FR-0418,MRN-972787,Taylor Brown,1967-07-15,TC-FR-PAR-01,FR,CGT-B2,QA_HOLD,2026-05-07T04:00:00Z,CRM
P-00419,CRM100419,SUBJ-DE-0419,MRN-626289,Riley Patel,1980-03-19,TC-DE-BER-01,DE,CGT-B2,COLLECTED,2026-05-07T21:00:00Z,CRM
P-00420,CRM100420,SUBJ-US-0420,MRN-982904,Morgan Garcia,1990-10-05,TC-US-BOS-02,US,CGT-B2,RETURN_TRANSIT,2026-05-09T18:00:00Z,CRM
P-00421,CRM100421,SUBJ-AU-0421,MRN-393754,Emerson Lopez,1962-10-21,TC-AU-SYD-01,AU,CGT-A1,IN_MANUFACTURING,2026-05-08T10:00:00Z,CRM
P-00422,CRM100422,SUBJ-AE-0422,MRN-346334,Drew Wilson,1962-08-24,TC-AE-DXB-01,AE,CGT-B2,IN_MANUFACTURING,2026-05-09T02:00:00Z,CRM
P-00423,CRM100423,SUBJ-US-0423,MRN-772928,Hayden Wilson,1995-01-10,TC-US-SF-03,US,CGT-B2,IN_MANUFACTURING,2026-05-09T17:00:00Z,CRM
P-00424,CRM100424,SUBJ-US-0424,MRN-592722,Drew Wilson,1992-09-19,TC-US-ATL-01,US,CGT-B2,IN_MANUFACTURING,2026-05-10T06:00:00Z,CRM
P-00425,CRM100425,SUBJ-DE-0425,MRN-142282,Hayden Ito,1996-11-17,TC-DE-MUC-02,DE,CGT-A1,ELIGIBLE,2026-05-11T07:00:00Z,CRM
P-00426,CRM100426,SUBJ-AE-0426,MRN-654874,Skyler Lopez,1995-01-19,TC-AE-DXB-01,AE,CGT-C3,INFUSED,2026-05-10T21:00:00Z,CRM
P-00427,CRM100427,SUBJ-AU-0427,MRN-620240,Drew Chen,1993-09-10,TC-SE-STO-01,AU,CGT-C3,INFUSION_READY,2026-05-11T14:00:00Z,CRM
P-00428,CRM100428,SUBJ-CH-0428,MRN-284039,Hayden Martin,2004-07-17,TC-CH-ZRH-01,CH,CGT-A1,QC_PENDING,2026-05-11T19:00:00Z,CRM
P-00429,CRM100429,SUBJ-US-0429,MRN-908052,Skyler Lopez,1964-08-24,TC-US-SF-03,US,CGT-A1,COLLECTED,2026-05-11T02:00:00Z,CRM
P-00430,CRM100430,SUBJ-US-0430,MRN-777378,Jordan Smith,1992-02-06,TC-US-ATL-01,US,CGT-B2,INFUSED,2026-05-12T06:00:00Z,CRM
P-00431,CRM100431,SUBJ-SE-0431,MRN-248927,Morgan Martin,1986-03-08,TC-SE-STO-01,SE,CGT-C3,IN_MANUFACTURING,2026-05-12T22:00:00Z,CRM
P-00432,CRM100432,SUBJ-BE-0432,MRN-228205,Riley Brown,1967-09-30,TC-BE-BRU-01,BE,CGT-B2,IN_MANUFACTURING,2026-05-13T03:00:00Z,CRM
P-00433,CRM100433,SUBJ-GB-0433,MRN-475757,Jamie Nguyen,1973-12-09,TC-GB-LON-01,GB,CGT-C3,QC_PENDING,2026-05-12T21:00:00Z,CRM
P-00434,CRM100434,SUBJ-CA-0434,MRN-653206,Hayden Ito,1966-12-27,TC-CA-TOR-01,CA,CGT-B2,IN_MANUFACTURING,2026-05-12T18:00:00Z,CRM
P-00435,CRM100435,SUBJ-CH-0435,MRN-560199,Skyler Brown,1992-08-28,TC-CH-ZRH-01,CH,CGT-C3,INFUSED,2026-05-13T09:00:00Z,CRM
P-00436,CRM100436,SUBJ-US-0436,MRN-256139,Casey Stone,1968-10-28,TC-US-CHI-04,US,CGT-A1,RETURN_TRANSIT,2026-05-12T18:00:00Z,CRM
P-00437,CRM100437,SUBJ-AU-0437,MRN-869460,Hayden Smith,2005-04-29,TC-AU-MEL-02,AU,CGT-B2,INFUSED,2026-05-13T20:00:00Z,CRM
P-00438,CRM100438,SUBJ-GB-0438,MRN-721820,Jamie Ito,1975-01-20,TC-GB-LON-01,GB,CGT-A1,IN_MANUFACTURING,2026-05-15T12:00:00Z,CRM
P-00439,CRM100439,SUBJ-CH-0439,MRN-765957,Hayden Patel,1980-07-15,TC-CH-ZRH-01,CH,CGT-A1,QC_PENDING,2026-05-15T16:00:00Z,CRM
P-00440,CRM100440,SUBJ-US-0440,MRN-377788,Taylor Wilson,1972-10-02,TC-US-ATL-01,US,CGT-A1,IN_MANUFACTURING,2026-05-14T15:00:00Z,CRM
P-00441,CRM100441,SUBJ-US-0441,MRN-328489,Quinn Martin,2005-08-29,TC-US-CHI-04,US,CGT-C3,INFUSED,2026-05-16T13:00:00Z,CRM
P-00442,CRM100442,SUBJ-SE-0442,MRN-313220,Reese Garcia,2005-09-30,TC-SE-STO-01,SE,CGT-B2,COLLECTED,2026-05-15T05:00:00Z,CRM
P-00443,CRM100443,SUBJ-BE-0443,MRN-948823,Rowan Ito,1968-12-14,TC-BE-BRU-01,BE,CGT-B2,COLLECTED,2026-05-14T20:00:00Z,CRM
P-00444,CRM100444,SUBJ-AU-0444,MRN-165201,Jordan Martin,1996-02-19,TC-AU-SYD-01,AU,CGT-C3,IN_MANUFACTURING,2026-05-16T17:00:00Z,CRM
P-00445,CRM100445,SUBJ-CH-0445,MRN-903364,Avery Singh,1983-07-22,TC-CH-ZRH-01,CH,CGT-A1,INFUSED,2026-05-16T20:00:00Z,CRM
P-00446,CRM100446,SUBJ-CH-0446,MRN-369347,Skyler Chen,1991-10-02,TC-CH-ZRH-01,CH,CGT-B2,INFUSED,2026-05-17T09:00:00Z,CRM
P-00447,CRM100447,SUBJ-CA-0447,MRN-643854,Hayden Chen,1991-08-17,TC-CA-VAN-02,CA,CGT-A1,COLLECTED,2026-05-17T11:00:00Z,CRM
P-00448,CRM100448,SUBJ-AE-0448,MRN-754195,Jordan Patel,1979-04-26,TC-AE-DXB-01,AE,CGT-B2,APHERESIS_PENDING,2026-05-17T19:00:00Z,CRM
P-00449,CRM100449,SUBJ-ES-0449,MRN-928834,Taylor Kim,1977-12-31,TC-ES-MAD-01,ES,CGT-C3,ELIGIBLE,2026-05-16T18:00:00Z,CRM
P-00450,CRM100450,SUBJ-IN-0450,MRN-473600,Quinn Martin,1985-12-24,TC-IN-BLR-01,IN,CGT-A1,COLLECTED,2026-05-18T19:00:00Z,CRM
P-00451,CRM100451,SUBJ-CA-0451,MRN-975590,Quinn Garcia,2006-05-06,TC-CA-VAN-02,CA,CGT-A1,APHERESIS_PENDING,2026-05-16T20:00:00Z,CRM
P-00452,CRM100452,SUBJ-SE-0452,MRN-591137,Casey Miller,1970-09-27,TC-SE-STO-01,SE,CGT-C3,IN_MANUFACTURING,2026-05-17T10:00:00Z,CRM
P-00453,CRM100453,SUBJ-IN-0453,MRN-191109,Jordan Nguyen,2005-01-16,TC-IN-BLR-01,IN,CGT-A1,COLLECTED,2026-05-17T09:00:00Z,CRM
P-00454,CRM100454,SUBJ-CA-0454,MRN-477162,Cameron Patel,1985-03-01,TC-CA-TOR-01,CA,CGT-B2,COLLECTED,2026-05-20T10:00:00Z,CRM
P-00455,CRM100455,SUBJ-BE-0455,MRN-614070,Jordan Smith,1974-09-02,TC-BE-BRU-01,BE,CGT-B2,ELIGIBLE,2026-05-19T01:00:00Z,CRM
P-00456,CRM100456,SUBJ-AU-0456,MRN-497896,Hayden Wilson,1968-10-29,TC-AU-MEL-02,AU,CGT-B2,IN_MANUFACTURING,2026-05-20T00:00:00Z,CRM
P-00457,CRM100457,SUBJ-US-0457,MRN-308930,Avery Smith,1984-11-08,TC-US-BOS-02,US,CGT-A1,RETURN_TRANSIT,2026-05-19T12:00:00Z,CRM
P-00458,CRM100458,SUBJ-ES-0458,MRN-162471,Hayden Khan,1994-03-15,TC-ES-MAD-01,ES,CGT-B2,INFUSED,2026-05-20T18:00:00Z,CRM
P-00459,CRM100459,SUBJ-US-0459,MRN-491003,Rowan Khan,1980-02-07,TC-US-CHI-04,US,CGT-C3,APHERESIS_PENDING,2026-05-18T22:00:00Z,CRM
P-00460,CRM100460,SUBJ-DE-0460,MRN-617795,Hayden Lopez,1986-12-21,TC-DE-BER-01,DE,CGT-B2,IN_MANUFACTURING,2026-05-20T10:00:00Z,CRM
P-00461,CRM100461,SUBJ-AU-0461,MRN-708297,Emerson Martin,1989-02-18,TC-AU-MEL-02,AU,CGT-C3,INFUSED,2026-05-19T22:00:00Z,CRM
P-00462,CRM100462,SUBJ-SG-0462,MRN-430919,Riley Wilson,1995-11-09,TC-SG-SIN-01,SG,CGT-A1,COLLECTED,2026-05-22T18:00:00Z,CRM
P-00463,CRM100463,SUBJ-US-0463,MRN-196608,Jordan Ito,1991-03-11,TC-US-SF-03,US,CGT-B2,INFUSION_READY,2026-05-20T08:00:00Z,CRM
P-00464,CRM100464,SUBJ-FR-0464,MRN-149704,Hayden Smith,1991-11-28,TC-FR-PAR-01,FR,CGT-B2,RETURN_TRANSIT,2026-05-20T15:00:00Z,CRM
P-00465,CRM100465,SUBJ-SG-0465,MRN-942843,Casey Kim,1986-12-01,TC-SG-SIN-01,SG,CGT-B2,INFUSION_READY,2026-05-21T10:00:00Z,CRM
P-00466,CRM100466,SUBJ-US-0466,MRN-460672,Riley Martin,1973-07-05,TC-US-ATL-01,US,CGT-C3,IN_MANUFACTURING,2026-05-21T15:00:00Z,CRM
P-00467,CRM100467,SUBJ-US-0467,MRN-293578,Morgan Miller,1994-12-02,TC-US-SF-03,US,CGT-B2,INFUSED,2026-05-23T09:00:00Z,CRM
P-00468,CRM100468,SUBJ-US-0468,MRN-347255,Emerson Chen,1963-05-25,TC-US-BOS-02,US,CGT-A1,COLLECTED,2026-05-24T00:00:00Z,CRM
P-00469,CRM100469,SUBJ-CA-0469,MRN-200987,Skyler Lopez,1982-01-15,TC-CA-VAN-02,CA,CGT-C3,APHERESIS_PENDING,2026-05-24T05:00:00Z,CRM
P-00470,CRM100470,SUBJ-CA-0470,MRN-155844,Emerson Ito,1959-12-16,TC-CA-VAN-02,CA,CGT-C3,COLLECTED,2026-05-22T22:00:00Z,CRM
P-00471,CRM100471,SUBJ-IT-0471,MRN-937058,Jordan Smith,2004-07-15,TC-IT-MIL-01,IT,CGT-B2,APHERESIS_PENDING,2026-05-23T17:00:00Z,CRM
P-00472,CRM100472,SUBJ-US-0472,MRN-542843,Reese Lopez,1993-09-26,TC-US-CHI-04,US,CGT-A1,ENROLLED,2026-05-24T01:00:00Z,CRM
P-00473,CRM100473,SUBJ-DE-0473,MRN-182266,Hayden Ito,1981-12-06,TC-DE-MUC-02,DE,CGT-C3,ENROLLED,2026-05-24T02:00:00Z,CRM
P-00474,CRM100474,SUBJ-ES-0474,MRN-314048,Quinn Khan,1973-08-20,TC-ES-MAD-01,ES,CGT-B2,QA_HOLD,2026-05-24T07:00:00Z,CRM
P-00475,CRM100475,SUBJ-DE-0475,MRN-113720,Casey Stone,1962-04-18,TC-DE-BER-01,DE,CGT-A1,ENROLLED,2026-05-25T11:00:00Z,CRM
P-00476,CRM100476,SUBJ-CA-0476,MRN-864793,Jamie Nguyen,1967-06-28,TC-CA-TOR-01,CA,CGT-B2,QC_PENDING,2026-05-24T11:00:00Z,CRM
P-00477,CRM100477,SUBJ-DE-0477,MRN-356514,Taylor Chen,1959-07-04,TC-DE-BER-01,DE,CGT-A1,APHERESIS_PENDING,2026-05-24T12:00:00Z,CRM
P-00478,CRM100478,SUBJ-ES-0478,MRN-285836,Taylor Ito,1958-09-11,TC-ES-MAD-01,ES,CGT-B2,IN_MANUFACTURING,2026-05-27T02:00:00Z,CRM
P-00479,CRM100479,SUBJ-SG-0479,MRN-750279,Taylor Lopez,1970-12-07,TC-SG-SIN-01,SG,CGT-B2,INFUSED,2026-05-27T04:00:00Z,CRM
P-00480,CRM100480,SUBJ-CA-0480,MRN-950576,Hayden Brown,1965-01-22,TC-CA-VAN-02,CA,CGT-B2,COLLECTED,2026-05-26T04:00:00Z,CRM
P-00481,CRM100481,SUBJ-SE-0481,MRN-501502,Jamie Stone,1985-06-04,TC-SE-STO-01,SE,CGT-B2,IN_MANUFACTURING,2026-05-26T01:00:00Z,CRM
P-00482,CRM100482,SUBJ-AE-0482,MRN-445998,Jamie Lopez,2005-06-27,TC-AE-DXB-01,AE,CGT-A1,INFUSED,2026-05-28T11:00:00Z,CRM
P-00483,CRM100483,SUBJ-US-0483,MRN-679167,Avery Ito,1996-01-21,TC-US-CHI-04,US,CGT-A1,QC_PENDING,2026-05-26T23:00:00Z,CRM
P-00484,CRM100484,SUBJ-SE-0484,MRN-770023,Drew Brown,2006-11-16,TC-SE-STO-01,SE,CGT-B2,ELIGIBLE,2026-05-28T23:00:00Z,CRM
P-00485,CRM100485,SUBJ-SE-0485,MRN-100484,Morgan Smith,1958-01-19,TC-SE-STO-01,SE,CGT-C3,APHERESIS_PENDING,2026-05-26T17:00:00Z,CRM
P-00486,CRM100486,SUBJ-US-0486,MRN-460078,Jordan Brown,1996-05-17,TC-US-ATL-01,US,CGT-C3,QC_PENDING,2026-05-28T12:00:00Z,CRM
P-00487,CRM100487,SUBJ-IT-0487,MRN-823084,Avery Martin,1958-01-20,TC-IT-MIL-01,IT,CGT-A1,INFUSED,2026-05-29T08:00:00Z,CRM
P-00488,CRM100488,SUBJ-FR-0488,MRN-221335,Quinn Brown,1990-08-13,TC-US-CHI-04,FR,CGT-A1,ELIGIBLE,2026-05-27T19:00:00Z,CRM
P-00489,CRM100489,SUBJ-US-0489,MRN-750925,Taylor Kim,1983-12-21,TC-US-CHI-04,US,CGT-B2,QC_PENDING,2026-05-27T16:00:00Z,CRM
P-00490,CRM100490,SUBJ-US-0490,MRN-353968,Rowan Wilson,2004-07-05,TC-US-BOS-02,US,CGT-B2,INFUSED,2026-05-28T02:00:00Z,CRM
P-00491,CRM100491,SUBJ-CH-0491,MRN-409538,Casey Miller,1969-10-30,TC-CH-ZRH-01,CH,CGT-B2,INFUSION_READY,2026-05-29T23:00:00Z,CRM
P-00492,CRM100492,SUBJ-JP-0492,MRN-685806,Taylor Chen,2000-03-20,TC-JP-OSA-02,JP,CGT-A1,QC_PENDING,2026-05-29T10:00:00Z,CRM
P-00493,CRM100493,SUBJ-CH-0493,MRN-342031,Casey Singh,1961-03-19,TC-CH-ZRH-01,CH,CGT-A1,ELIGIBLE,2026-05-31T03:00:00Z,CRM
P-00494,CRM100494,SUBJ-CA-0494,MRN-247266,Avery Kim,1991-03-03,TC-CA-TOR-01,CA,CGT-A1,IN_MANUFACTURING,2026-05-29T23:00:00Z,CRM
P-00495,CRM100495,SUBJ-BE-0495,MRN-621407,Emerson Brown,2000-12-20,TC-BE-BRU-01,BE,CGT-C3,INFUSION_READY,2026-05-30T19:00:00Z,CRM
P-00496,CRM100496,SUBJ-CH-0496,MRN-640735,Drew Patel,1979-03-06,TC-CH-ZRH-01,CH,CGT-A1,QA_HOLD,2026-06-01T09:00:00Z,CRM
P-00497,CRM100497,SUBJ-AE-0497,MRN-299625,Casey Kim,1993-06-08,TC-AE-DXB-01,AE,CGT-C3,INFUSION_READY,2026-06-01T07:00:00Z,CRM
P-00498,CRM100498,SUBJ-GB-0498,MRN-435552,Reese Smith,1994-03-16,TC-GB-LON-01,GB,CGT-A1,INFUSION_READY,2026-05-30T15:00:00Z,CRM
P-00499,CRM100499,SUBJ-AU-0499,MRN-872255,Casey Stone,2002-02-24,TC-AU-MEL-02,AU,CGT-B2,QC_PENDING,2026-06-01T00:00:00Z,CRM
P-00500,CRM100500,SUBJ-US-0500,MRN-193572,Jordan Singh,1964-08-19,TC-US-SF-03,US,CGT-C3,INFUSED,2026-05-31T00:00:00Z,CRM
P-00501,CRM100501,SUBJ-GB-0501,MRN-285448,Taylor Smith,2002-06-22,TC-GB-LON-01,GB,CGT-B2,QC_PENDING,2026-05-31T13:00:00Z,CRM
P-00502,CRM100502,SUBJ-SE-0502,MRN-389836,Morgan Stone,1990-04-28,TC-SE-STO-01,SE,CGT-A1,QA_HOLD,2026-06-01T02:00:00Z,CRM
P-00503,CRM100503,SUBJ-US-0503,MRN-511141,Drew Stone,2001-07-07,TC-US-CHI-04,US,CGT-A1,ELIGIBLE,2026-06-01T03:00:00Z,CRM
P-00504,CRM100504,SUBJ-CA-0504,MRN-502267,Riley Nguyen,1961-02-22,TC-CA-TOR-01,CA,CGT-A1,COLLECTED,2026-06-01T15:00:00Z,CRM
P-00505,CRM100505,SUBJ-IT-0505,MRN-521058,Jamie Kim,1976-05-27,TC-IT-MIL-01,IT,CGT-C3,INFUSED,2026-06-02T18:00:00Z,CRM
P-00506,CRM100506,SUBJ-JP-0506,MRN-502052,Jamie Smith,1968-02-23,TC-JP-OSA-02,JP,CGT-A1,INFUSED,2026-06-02T02:00:00Z,CRM
P-00507,CRM100507,SUBJ-NL-0507,MRN-196371,Morgan Chen,1973-05-27,TC-NL-AMS-01,NL,CGT-C3,ENROLLED,2026-06-02T06:00:00Z,CRM
P-00508,CRM100508,SUBJ-IN-0508,MRN-278336,Rowan Stone,1970-02-22,TC-IN-BLR-01,IN,CGT-A1,IN_MANUFACTURING,2026-06-02T08:00:00Z,CRM
P-00509,CRM100509,SUBJ-GB-0509,MRN-737856,Emerson Nguyen,1978-02-12,TC-GB-MAN-02,GB,CGT-A1,APHERESIS_PENDING,2026-06-03T19:00:00Z,CRM
P-00510,CRM100510,SUBJ-AE-0510,MRN-391506,Quinn Stone,1970-09-16,TC-AE-DXB-01,AE,CGT-C3,QC_PENDING,2026-06-05T05:00:00Z,CRM
P-00511,CRM100511,SUBJ-ES-0511,MRN-427061,Jamie Wilson,1989-08-28,TC-ES-MAD-01,ES,CGT-A1,RETURN_TRANSIT,2026-06-04T04:00:00Z,CRM
P-00512,CRM100512,SUBJ-SG-0512,MRN-700580,Avery Kim,1988-03-10,TC-SG-SIN-01,SG,CGT-B2,QC_PENDING,2026-06-04T00:00:00Z,CRM
P-00513,CRM100513,SUBJ-FR-0513,MRN-676960,Jordan Brown,1990-11-19,TC-FR-PAR-01,FR,CGT-C3,QC_PENDING,2026-06-03T17:00:00Z,CRM
P-00514,CRM100514,SUBJ-CA-0514,MRN-359587,Jamie Ito,1960-12-25,TC-CA-VAN-02,CA,CGT-C3,COLLECTED,2026-06-05T08:00:00Z,CRM
P-00515,CRM100515,SUBJ-BE-0515,MRN-498961,Riley Garcia,1964-06-23,TC-BE-BRU-01,BE,CGT-C3,QC_PENDING,2026-06-06T11:00:00Z,CRM
P-00516,CRM100516,SUBJ-DE-0516,MRN-764674,Emerson Ito,1992-06-22,TC-DE-MUC-02,DE,CGT-B2,QC_PENDING,2026-06-04T17:00:00Z,CRM
P-00517,CRM100517,SUBJ-JP-0517,MRN-272658,Casey Ito,1960-09-10,TC-JP-OSA-02,JP,CGT-B2,QA_HOLD,2026-06-05T06:00:00Z,CRM
P-00518,CRM100518,SUBJ-CH-0518,MRN-706804,Emerson Lopez,1958-09-05,TC-CH-ZRH-01,CH,CGT-C3,IN_MANUFACTURING,2026-06-07T19:00:00Z,CRM
P-00519,CRM100519,SUBJ-US-0519,MRN-822013,Taylor Kim,2002-04-13,TC-US-CHI-04,US,CGT-A1,RETURN_TRANSIT,2026-06-05T16:00:00Z,CRM
P-00520,CRM100520,SUBJ-DE-0520,MRN-672570,Cameron Nguyen,1968-03-13,TC-DE-MUC-02,DE,CGT-B2,APHERESIS_PENDING,2026-06-07T20:00:00Z,CRM
P-00521,CRM100521,SUBJ-GB-0521,MRN-251306,Quinn Smith,1967-12-01,TC-GB-LON-01,GB,CGT-A1,ELIGIBLE,2026-06-08T15:00:00Z,CRM
P-00522,CRM100522,SUBJ-GB-0522,MRN-941309,Reese Stone,1986-05-15,TC-GB-MAN-02,GB,CGT-C3,INFUSED,2026-06-07T22:00:00Z,CRM
P-00523,CRM100523,SUBJ-ES-0523,MRN-237310,Casey Nguyen,2003-12-18,TC-ES-MAD-01,ES,CGT-B2,QC_PENDING,2026-06-09T11:00:00Z,CRM
P-00524,CRM100524,SUBJ-US-0524,MRN-337184,Quinn Singh,1997-07-27,TC-US-ATL-01,US,CGT-B2,ELIGIBLE,2026-06-08T00:00:00Z,CRM
P-00525,CRM100525,SUBJ-NL-0525,MRN-737703,Morgan Stone,1982-04-05,TC-NL-AMS-01,NL,CGT-A1,INFUSED,2026-06-10T00:00:00Z,CRM
P-00526,CRM100526,SUBJ-IT-0526,MRN-718510,Skyler Khan,1964-12-15,TC-IT-MIL-01,IT,CGT-B2,APHERESIS_PENDING,2026-06-08T13:00:00Z,CRM
P-00527,CRM100527,SUBJ-AU-0527,MRN-214429,Hayden Smith,1966-02-10,TC-AU-SYD-01,AU,CGT-A1,INFUSION_READY,2026-06-08T17:00:00Z,CRM
P-00528,CRM100528,SUBJ-ES-0528,MRN-140548,Casey Lopez,1969-12-20,TC-ES-MAD-01,ES,CGT-A1,APHERESIS_PENDING,2026-06-10T10:00:00Z,CRM
P-00529,CRM100529,SUBJ-DE-0529,MRN-354736,Rowan Martin,1968-04-26,TC-DE-MUC-02,DE,CGT-B2,INFUSION_READY,2026-06-09T13:00:00Z,CRM
P-00530,CRM100530,SUBJ-US-0530,MRN-722624,Cameron Khan,1976-12-22,TC-US-BOS-02,US,CGT-A1,IN_MANUFACTURING,2026-06-08T19:00:00Z,CRM
P-00531,CRM100531,SUBJ-SG-0531,MRN-827948,Casey Singh,1975-03-08,TC-SG-SIN-01,SG,CGT-C3,IN_MANUFACTURING,2026-06-10T21:00:00Z,CRM
P-00532,CRM100532,SUBJ-GB-0532,MRN-389336,Rowan Kim,2006-06-21,TC-GB-MAN-02,GB,CGT-A1,INFUSED,2026-06-10T10:00:00Z,CRM
P-00533,CRM100533,SUBJ-DE-0533,MRN-111269,Avery Garcia,1965-04-02,TC-DE-MUC-02,DE,CGT-C3,INFUSED,2026-06-09T14:00:00Z,CRM
P-00534,CRM100534,SUBJ-GB-0534,MRN-668579,Riley Stone,1984-01-18,TC-GB-LON-01,GB,CGT-A1,QC_PENDING,2026-06-09T22:00:00Z,CRM
P-00535,CRM100535,SUBJ-CA-0535,MRN-381616,Quinn Patel,2003-04-12,TC-CA-TOR-01,CA,CGT-B2,QA_HOLD,2026-06-10T07:00:00Z,CRM
P-00536,CRM100536,SUBJ-DE-0536,MRN-860605,Cameron Singh,1997-03-29,TC-DE-BER-01,DE,CGT-C3,INFUSION_READY,2026-06-12T00:00:00Z,CRM
P-00537,CRM100537,SUBJ-AU-0537,MRN-336645,Emerson Singh,1996-05-31,TC-AU-SYD-01,AU,CGT-B2,IN_MANUFACTURING,2026-06-13T14:00:00Z,CRM
P-00538,CRM100538,SUBJ-CA-0538,MRN-660880,Morgan Stone,1983-04-20,TC-CA-TOR-01,CA,CGT-B2,QA_HOLD,2026-06-13T14:00:00Z,CRM
P-00539,CRM100539,SUBJ-IT-0539,MRN-954382,Jordan Wilson,1995-10-03,TC-IT-MIL-01,IT,CGT-B2,INFUSED,2026-06-13T12:00:00Z,CRM
P-00540,CRM100540,SUBJ-IN-0540,MRN-387887,Jamie Khan,1996-09-10,TC-IN-BLR-01,IN,CGT-A1,IN_MANUFACTURING,2026-06-12T10:00:00Z,CRM
P-00541,CRM100541,SUBJ-GB-0541,MRN-468788,Hayden Garcia,2001-12-07,TC-GB-MAN-02,GB,CGT-B2,QC_PENDING,2026-06-14T09:00:00Z,CRM
P-00542,CRM100542,SUBJ-IN-0542,MRN-329524,Rowan Miller,1961-05-12,TC-IN-BLR-01,IN,CGT-B2,ELIGIBLE,2026-06-12T08:00:00Z,CRM
P-00543,CRM100543,SUBJ-JP-0543,MRN-343154,Riley Miller,1971-06-03,TC-JP-TYO-01,JP,CGT-B2,IN_MANUFACTURING,2026-06-13T11:00:00Z,CRM
P-00544,CRM100544,SUBJ-US-0544,MRN-797160,Taylor Wilson,1958-02-17,TC-US-ATL-01,US,CGT-B2,QC_PENDING,2026-06-15T15:00:00Z,CRM
P-00545,CRM100545,SUBJ-CA-0545,MRN-133128,Hayden Lopez,1971-09-22,TC-CA-TOR-01,CA,CGT-A1,QC_PENDING,2026-06-15T21:00:00Z,CRM
P-00546,CRM100546,SUBJ-DE-0546,MRN-602172,Jordan Singh,1990-06-03,TC-DE-BER-01,DE,CGT-A1,IN_MANUFACTURING,2026-06-14T11:00:00Z,CRM
P-00547,CRM100547,SUBJ-US-0547,MRN-673578,Reese Lopez,2002-05-11,TC-US-CHI-04,US,CGT-C3,INFUSED,2026-06-13T19:00:00Z,CRM
P-00548,CRM100548,SUBJ-GB-0548,MRN-829155,Morgan Khan,2003-11-16,TC-GB-MAN-02,GB,CGT-B2,INFUSION_READY,2026-06-14T03:00:00Z,CRM
P-00549,CRM100549,SUBJ-CH-0549,MRN-177008,Riley Lopez,1974-01-31,TC-US-BOS-02,CH,CGT-A1,QC_PENDING,2026-06-15T10:00:00Z,CRM
P-00550,CRM100550,SUBJ-NL-0550,MRN-825584,Riley Chen,1974-10-24,TC-NL-AMS-01,NL,CGT-C3,APHERESIS_PENDING,2026-06-15T18:00:00Z,CRM
P-00551,CRM100551,SUBJ-AE-0551,MRN-240424,Rowan Garcia,2004-01-04,TC-AE-DXB-01,AE,CGT-B2,QC_PENDING,2026-06-15T16:00:00Z,CRM
P-00552,CRM100552,SUBJ-JP-0552,MRN-838164,Emerson Garcia,1961-10-02,TC-JP-TYO-01,JP,CGT-B2,QA_HOLD,2026-06-17T12:00:00Z,CRM
P-00553,CRM100553,SUBJ-NL-0553,MRN-592007,Taylor Chen,1990-12-03,TC-NL-AMS-01,NL,CGT-B2,COLLECTED,2026-06-15T20:00:00Z,CRM
P-00554,CRM100554,SUBJ-ES-0554,MRN-965572,Avery Miller,1972-07-10,TC-ES-MAD-01,ES,CGT-B2,INFUSION_READY,2026-06-17T06:00:00Z,CRM
P-00555,CRM100555,SUBJ-FR-0555,MRN-857921,Cameron Garcia,1963-02-16,TC-FR-PAR-01,FR,CGT-A1,APHERESIS_PENDING,2026-06-16T20:00:00Z,CRM
P-00556,CRM100556,SUBJ-IT-0556,MRN-444156,Avery Garcia,1989-07-05,TC-IT-MIL-01,IT,CGT-C3,INFUSED,2026-06-19T02:00:00Z,CRM
P-00557,CRM100557,SUBJ-CA-0557,MRN-146466,Hayden Kim,1992-10-07,TC-CA-TOR-01,CA,CGT-A1,INFUSION_READY,2026-06-17T17:00:00Z,CRM
P-00558,CRM100558,SUBJ-CA-0558,MRN-935791,Jamie Garcia,1959-09-06,TC-CA-TOR-01,CA,CGT-A1,ENROLLED,2026-06-18T04:00:00Z,CRM
P-00559,CRM100559,SUBJ-US-0559,MRN-912356,Casey Singh,2003-12-09,TC-US-CHI-04,US,CGT-B2,INFUSED,2026-06-17T07:00:00Z,CRM
P-00560,CRM100560,SUBJ-GB-0560,MRN-639561,Riley Lopez,1964-06-27,TC-GB-MAN-02,GB,CGT-B2,INFUSION_READY,2026-06-18T10:00:00Z,CRM
P-00561,CRM100561,SUBJ-US-0561,MRN-267394,Riley Patel,1970-01-26,TC-US-ATL-01,US,CGT-C3,QC_PENDING,2026-06-17T17:00:00Z,CRM
P-00562,CRM100562,SUBJ-IT-0562,MRN-163742,Taylor Kim,2001-05-17,TC-IT-MIL-01,IT,CGT-A1,INFUSED,2026-06-19T14:00:00Z,CRM
P-00563,CRM100563,SUBJ-IN-0563,MRN-234296,Taylor Kim,1960-09-02,TC-IN-BLR-01,IN,CGT-A1,INFUSED,2026-06-20T23:00:00Z,CRM
P-00564,CRM100564,SUBJ-ES-0564,MRN-900586,Drew Chen,1980-07-03,TC-ES-MAD-01,ES,CGT-B2,COLLECTED,2026-06-20T04:00:00Z,CRM
P-00565,CRM100565,SUBJ-FR-0565,MRN-215572,Emerson Patel,1998-09-25,TC-FR-PAR-01,FR,CGT-C3,APHERESIS_PENDING,2026-06-19T04:00:00Z,CRM
P-00566,CRM100566,SUBJ-NL-0566,MRN-268624,Drew Wilson,2004-07-22,TC-NL-AMS-01,NL,CGT-B2,INFUSED,2026-06-22T01:00:00Z,CRM
P-00567,CRM100567,SUBJ-GB-0567,MRN-806163,Avery Khan,2002-04-10,TC-GB-MAN-02,GB,CGT-B2,ELIGIBLE,2026-06-21T20:00:00Z,CRM
P-00568,CRM100568,SUBJ-AU-0568,MRN-695401,Cameron Martin,1967-01-09,TC-AU-MEL-02,AU,CGT-C3,ELIGIBLE,2026-06-20T03:00:00Z,CRM
P-00569,CRM100569,SUBJ-ES-0569,MRN-344442,Rowan Ito,1958-04-30,TC-ES-MAD-01,ES,CGT-C3,COLLECTED,2026-06-22T13:00:00Z,CRM
P-00570,CRM100570,SUBJ-GB-0570,MRN-684608,Rowan Stone,1990-01-10,TC-GB-LON-01,GB,CGT-B2,ELIGIBLE,2026-06-20T08:00:00Z,CRM
P-00571,CRM100571,SUBJ-DE-0571,MRN-693894,Hayden Kim,1987-05-20,TC-DE-BER-01,DE,CGT-C3,APHERESIS_PENDING,2026-06-21T01:00:00Z,CRM
P-00572,CRM100572,SUBJ-SG-0572,MRN-707013,Hayden Patel,1961-06-01,TC-SG-SIN-01,SG,CGT-C3,QC_PENDING,2026-06-21T02:00:00Z,CRM
P-00573,CRM100573,SUBJ-SE-0573,MRN-959305,Emerson Patel,1989-02-22,TC-SE-STO-01,SE,CGT-A1,IN_MANUFACTURING,2026-06-23T10:00:00Z,CRM
P-00574,CRM100574,SUBJ-IN-0574,MRN-497158,Avery Miller,1997-01-04,TC-IN-BLR-01,IN,CGT-A1,ELIGIBLE,2026-06-21T14:00:00Z,CRM
P-00575,CRM100575,SUBJ-AU-0575,MRN-923565,Riley Patel,1992-06-02,TC-AU-MEL-02,AU,CGT-C3,QC_PENDING,2026-06-22T12:00:00Z,CRM
P-00576,CRM100576,SUBJ-CA-0576,MRN-979477,Drew Singh,1999-09-26,TC-CA-TOR-01,CA,CGT-A1,INFUSED,2026-06-23T06:00:00Z,CRM
P-00577,CRM100577,SUBJ-AE-0577,MRN-633861,Skyler Garcia,2001-08-08,TC-AE-DXB-01,AE,CGT-C3,APHERESIS_PENDING,2026-06-23T04:00:00Z,CRM
P-00578,CRM100578,SUBJ-NL-0578,MRN-597803,Jordan Brown,1980-09-13,TC-NL-AMS-01,NL,CGT-A1,IN_MANUFACTURING,2026-06-23T16:00:00Z,CRM
P-00579,CRM100579,SUBJ-NL-0579,MRN-865615,Taylor Singh,1994-09-10,TC-NL-AMS-01,NL,CGT-C3,ENROLLED,2026-06-24T02:00:00Z,CRM
P-00580,CRM100580,SUBJ-US-0580,MRN-871198,Emerson Kim,1980-09-05,TC-US-BOS-02,US,CGT-C3,INFUSION_READY,2026-06-25T15:00:00Z,CRM
P-00581,CRM100581,SUBJ-GB-0581,MRN-653871,Skyler Chen,1995-05-31,TC-GB-MAN-02,GB,CGT-B2,COLLECTED,2026-06-25T03:00:00Z,CRM
P-00582,CRM100582,SUBJ-CA-0582,MRN-100581,Casey Wilson,1995-12-17,TC-CA-VAN-02,CA,CGT-B2,INFUSED,2026-06-23T21:00:00Z,CRM
P-00583,CRM100583,SUBJ-US-0583,MRN-207373,Hayden Martin,1960-07-20,TC-US-SF-03,US,CGT-C3,INFUSION_READY,2026-06-25T06:00:00Z,CRM
P-00584,CRM100584,SUBJ-US-0584,MRN-952274,Drew Smith,2005-08-28,TC-US-SF-03,US,CGT-C3,QA_HOLD,2026-06-25T19:00:00Z,CRM
P-00585,CRM100585,SUBJ-CA-0585,MRN-844151,Drew Martin,1961-10-20,TC-CA-TOR-01,CA,CGT-B2,QA_HOLD,2026-06-25T00:00:00Z,CRM
P-00586,CRM100586,SUBJ-SG-0586,MRN-564576,Riley Lopez,1963-06-17,TC-SG-SIN-01,SG,CGT-B2,APHERESIS_PENDING,2026-06-25T00:00:00Z,CRM
P-00587,CRM100587,SUBJ-SG-0587,MRN-889774,Hayden Patel,1958-07-14,TC-SG-SIN-01,SG,CGT-A1,APHERESIS_PENDING,2026-06-26T15:00:00Z,CRM
P-00588,CRM100588,SUBJ-NL-0588,MRN-959546,Taylor Lopez,1970-12-08,TC-NL-AMS-01,NL,CGT-A1,INFUSED,2026-06-26T22:00:00Z,CRM
P-00589,CRM100589,SUBJ-BE-0589,MRN-271732,Cameron Stone,1959-04-16,TC-BE-BRU-01,BE,CGT-A1,QC_PENDING,2026-06-27T16:00:00Z,CRM
P-00590,CRM100590,SUBJ-IN-0590,MRN-658588,Cameron Stone,1984-03-26,TC-IN-BLR-01,IN,CGT-A1,INFUSED,2026-06-28T10:00:00Z,CRM
P-00591,CRM100591,SUBJ-AU-0591,MRN-762055,Hayden Brown,1974-04-26,TC-AU-MEL-02,AU,CGT-B2,IN_MANUFACTURING,2026-06-28T05:00:00Z,CRM
P-00592,CRM100592,SUBJ-IT-0592,MRN-619918,Casey Stone,1960-11-14,TC-IT-MIL-01,IT,CGT-C3,INFUSED,2026-06-27T03:00:00Z,CRM
P-00593,CRM100593,SUBJ-US-0593,MRN-204674,Quinn Miller,1974-11-28,TC-US-BOS-02,US,CGT-A1,IN_MANUFACTURING,2026-06-28T16:00:00Z,CRM
P-00594,CRM100594,SUBJ-AU-0594,MRN-860834,Drew Ito,1963-05-16,TC-AU-MEL-02,AU,CGT-A1,COLLECTED,2026-06-28T10:00:00Z,CRM
P-00595,CRM100595,SUBJ-DE-0595,MRN-905471,Morgan Stone,2006-03-10,TC-DE-MUC-02,DE,CGT-B2,QC_PENDING,2026-06-29T15:00:00Z,CRM
P-00596,CRM100596,SUBJ-ES-0596,MRN-332518,Riley Khan,1973-06-09,TC-ES-MAD-01,ES,CGT-B2,INFUSED,2026-06-29T14:00:00Z,CRM
P-00597,CRM100597,SUBJ-IT-0597,MRN-194700,Skyler Nguyen,1983-11-23,TC-IT-MIL-01,IT,CGT-A1,QC_PENDING,2026-07-01T00:00:00Z,CRM
P-00598,CRM100598,SUBJ-AU-0598,MRN-546296,Drew Brown,1983-03-15,TC-AU-SYD-01,AU,CGT-B2,IN_MANUFACTURING,2026-06-28T16:00:00Z,CRM
P-00599,CRM100599,SUBJ-US-0599,MRN-759846,Rowan Lopez,2004-05-26,TC-US-SF-03,US,CGT-A1,QA_HOLD,2026-06-29T03:00:00Z,CRM
P-00600,CRM100600,SUBJ-ES-0600,MRN-674487,Casey Miller,1987-01-24,TC-ES-MAD-01,ES,CGT-A1,COLLECTED,2026-06-30T20:00:00Z,CRM
P-00601,CRM100601,SUBJ-AE-0601,MRN-465984,Jordan Wilson,2001-10-31,TC-AE-DXB-01,AE,CGT-A1,COLLECTED,2026-07-02T02:00:00Z,CRM
P-00602,CRM100602,SUBJ-IN-0602,MRN-461129,Drew Martin,1982-07-28,TC-IN-BLR-01,IN,CGT-A1,QC_PENDING,2026-06-30T19:00:00Z,CRM
P-00603,CRM100603,SUBJ-JP-0603,MRN-165802,Casey Singh,1990-10-19,TC-JP-TYO-01,JP,CGT-B2,INFUSED,2026-07-02T15:00:00Z,CRM
P-00604,CRM100604,SUBJ-CA-0604,MRN-145333,Rowan Kim,1989-11-05,TC-CA-TOR-01,CA,CGT-A1,APHERESIS_PENDING,2026-07-01T14:00:00Z,CRM
P-00605,CRM100605,SUBJ-ES-0605,MRN-356669,Skyler Singh,1989-09-04,TC-ES-MAD-01,ES,CGT-A1,INFUSED,2026-07-02T12:00:00Z,CRM
P-00606,CRM100606,SUBJ-BE-0606,MRN-424478,Reese Chen,1962-10-29,TC-BE-BRU-01,BE,CGT-A1,QC_PENDING,2026-06-30T23:00:00Z,CRM
P-00607,CRM100607,SUBJ-JP-0607,MRN-872063,Hayden Khan,1985-06-20,TC-JP-OSA-02,JP,CGT-C3,IN_MANUFACTURING,2026-07-01T18:00:00Z,CRM
P-00608,CRM100608,SUBJ-AE-0608,MRN-612937,Reese Martin,1976-12-27,TC-AE-DXB-01,AE,CGT-A1,ELIGIBLE,2026-07-03T13:00:00Z,CRM
P-00609,CRM100609,SUBJ-DE-0609,MRN-576570,Drew Wilson,1980-01-05,TC-DE-BER-01,DE,CGT-C3,COLLECTED,2026-07-02T10:00:00Z,CRM
P-00610,CRM100610,SUBJ-CH-0610,MRN-972503,Casey Garcia,1986-05-19,TC-BE-BRU-01,CH,CGT-C3,APHERESIS_PENDING,2026-07-04T20:00:00Z,CRM
P-00611,CRM100611,SUBJ-US-0611,MRN-698669,Jordan Brown,1996-09-08,TC-US-BOS-02,US,CGT-B2,QC_PENDING,2026-07-03T12:00:00Z,CRM
P-00612,CRM100612,SUBJ-AU-0612,MRN-567605,Emerson Wilson,1979-02-18,TC-AU-MEL-02,AU,CGT-A1,ENROLLED,2026-07-02T23:00:00Z,CRM
P-00613,CRM100613,SUBJ-DE-0613,MRN-944275,Drew Brown,1964-01-19,TC-DE-MUC-02,DE,CGT-B2,ENROLLED,2026-07-04T13:00:00Z,CRM
P-00614,CRM100614,SUBJ-AE-0614,MRN-411923,Taylor Khan,1965-11-24,TC-AE-DXB-01,AE,CGT-B2,INFUSED,2026-07-04T03:00:00Z,CRM
P-00615,CRM100615,SUBJ-AU-0615,MRN-154082,Jamie Singh,2004-06-02,TC-AU-SYD-01,AU,CGT-A1,IN_MANUFACTURING,2026-07-05T19:00:00Z,CRM
P-00616,CRM100616,SUBJ-AE-0616,MRN-802122,Rowan Wilson,1976-06-28,TC-AE-DXB-01,AE,CGT-B2,INFUSED,2026-07-05T07:00:00Z,CRM
P-00617,CRM100617,SUBJ-BE-0617,MRN-619534,Jordan Martin,1993-03-23,TC-BE-BRU-01,BE,CGT-A1,IN_MANUFACTURING,2026-07-06T03:00:00Z,CRM
P-00618,CRM100618,SUBJ-CA-0618,MRN-420067,Taylor Singh,1999-05-11,TC-CA-TOR-01,CA,CGT-A1,ELIGIBLE,2026-07-06T06:00:00Z,CRM
P-00619,CRM100619,SUBJ-SE-0619,MRN-460424,Quinn Miller,1967-04-09,TC-SE-STO-01,SE,CGT-A1,QC_PENDING,2026-07-05T00:00:00Z,CRM
P-00620,CRM100620,SUBJ-DE-0620,MRN-914205,Skyler Nguyen,1987-01-18,TC-DE-MUC-02,DE,CGT-A1,INFUSION_READY,2026-07-07T04:00:00Z,CRM
P-00621,CRM100621,SUBJ-AU-0621,MRN-194617,Drew Nguyen,2004-10-19,TC-AU-SYD-01,AU,CGT-C3,ENROLLED,2026-07-05T08:00:00Z,CRM
P-00622,CRM100622,SUBJ-CA-0622,MRN-818614,Taylor Miller,2000-12-12,TC-CA-TOR-01,CA,CGT-A1,IN_MANUFACTURING,2026-07-08T05:00:00Z,CRM
P-00623,CRM100623,SUBJ-CA-0623,MRN-111900,Taylor Brown,2003-02-22,TC-CA-VAN-02,CA,CGT-A1,INFUSED,2026-07-06T07:00:00Z,CRM
P-00624,CRM100624,SUBJ-FR-0624,MRN-100452,Drew Patel,1996-02-21,TC-FR-PAR-01,FR,CGT-C3,ENROLLED,2026-07-06T14:00:00Z,CRM
P-00625,CRM100625,SUBJ-NL-0625,MRN-790006,Emerson Lopez,1959-08-03,TC-NL-AMS-01,NL,CGT-B2,QA_HOLD,2026-07-08T06:00:00Z,CRM
P-00626,CRM100626,SUBJ-SE-0626,MRN-435347,Drew Khan,1994-12-02,TC-SE-STO-01,SE,CGT-B2,INFUSED,2026-07-09T00:00:00Z,CRM
P-00627,CRM100627,SUBJ-IT-0627,MRN-537369,Avery Martin,2000-07-04,TC-IT-MIL-01,IT,CGT-C3,QA_HOLD,2026-07-08T09:00:00Z,CRM
P-00628,CRM100628,SUBJ-SG-0628,MRN-361498,Rowan Smith,1990-02-01,TC-SG-SIN-01,SG,CGT-A1,APHERESIS_PENDING,2026-07-07T12:00:00Z,CRM
P-00629,CRM100629,SUBJ-CH-0629,MRN-182473,Jordan Nguyen,1975-05-27,TC-CH-ZRH-01,CH,CGT-A1,IN_MANUFACTURING,2026-07-10T06:00:00Z,CRM
P-00630,CRM100630,SUBJ-SG-0630,MRN-631871,Drew Singh,2006-05-04,TC-SG-SIN-01,SG,CGT-B2,RETURN_TRANSIT,2026-07-10T14:00:00Z,CRM
P-00631,CRM100631,SUBJ-SE-0631,MRN-772789,Morgan Stone,1994-03-05,TC-SE-STO-01,SE,CGT-A1,IN_MANUFACTURING,2026-07-09T16:00:00Z,CRM
P-00632,CRM100632,SUBJ-BE-0632,MRN-280634,Taylor Khan,1980-03-19,TC-BE-BRU-01,BE,CGT-B2,RETURN_TRANSIT,2026-07-09T01:00:00Z,CRM
P-00633,CRM100633,SUBJ-JP-0633,MRN-205198,Taylor Lopez,1996-12-23,TC-JP-OSA-02,JP,CGT-B2,ELIGIBLE,2026-07-08T22:00:00Z,CRM
P-00634,CRM100634,SUBJ-US-0634,MRN-697005,Reese Martin,1967-04-10,TC-US-SF-03,US,CGT-B2,RETURN_TRANSIT,2026-07-10T13:00:00Z,CRM
P-00635,CRM100635,SUBJ-ES-0635,MRN-499244,Casey Miller,1965-06-19,TC-ES-MAD-01,ES,CGT-B2,COLLECTED,2026-07-11T06:00:00Z,CRM
P-00636,CRM100636,SUBJ-AE-0636,MRN-730770,Riley Stone,2002-08-13,TC-AE-DXB-01,AE,CGT-B2,IN_MANUFACTURING,2026-07-11T00:00:00Z,CRM
P-00637,CRM100637,SUBJ-GB-0637,MRN-742187,Quinn Kim,1961-12-23,TC-GB-LON-01,GB,CGT-C3,QC_PENDING,2026-07-10T04:00:00Z,CRM
P-00638,CRM100638,SUBJ-SG-0638,MRN-911434,Rowan Brown,1974-02-23,TC-SG-SIN-01,SG,CGT-C3,COLLECTED,2026-07-10T17:00:00Z,CRM
P-00639,CRM100639,SUBJ-JP-0639,MRN-573366,Quinn Wilson,1997-04-11,TC-JP-OSA-02,JP,CGT-C3,IN_MANUFACTURING,2026-07-12T06:00:00Z,CRM
P-00640,CRM100640,SUBJ-IT-0640,MRN-994977,Quinn Wilson,1997-08-17,TC-IT-MIL-01,IT,CGT-A1,IN_MANUFACTURING,2026-07-10T17:00:00Z,CRM
P-00641,CRM100641,SUBJ-SG-0641,MRN-313112,Morgan Garcia,1966-03-23,TC-SG-SIN-01,SG,CGT-B2,APHERESIS_PENDING,2026-07-13T16:00:00Z,CRM
P-00642,CRM100642,SUBJ-JP-0642,MRN-962034,Riley Martin,1963-03-08,TC-JP-TYO-01,JP,CGT-C3,ELIGIBLE,2026-07-11T23:00:00Z,CRM
P-00643,CRM100643,SUBJ-ES-0643,MRN-654538,Reese Smith,1982-03-01,TC-ES-MAD-01,ES,CGT-C3,INFUSED,2026-07-13T01:00:00Z,CRM
P-00644,CRM100644,SUBJ-US-0644,MRN-322624,Avery Wilson,1998-01-23,TC-US-BOS-02,US,CGT-B2,INFUSED,2026-07-14T03:00:00Z,CRM
P-00645,CRM100645,SUBJ-US-0645,MRN-472929,Avery Patel,1994-10-07,TC-US-BOS-02,US,CGT-B2,QA_HOLD,2026-07-13T04:00:00Z,CRM
P-00646,CRM100646,SUBJ-IN-0646,MRN-159874,Casey Smith,1994-05-12,TC-IN-BLR-01,IN,CGT-B2,APHERESIS_PENDING,2026-07-13T04:00:00Z,CRM
P-00647,CRM100647,SUBJ-ES-0647,MRN-317015,Avery Patel,1993-06-11,TC-ES-MAD-01,ES,CGT-C3,ELIGIBLE,2026-07-13T01:00:00Z,CRM
P-00648,CRM100648,SUBJ-US-0648,MRN-289075,Reese Brown,1958-05-13,TC-US-CHI-04,US,CGT-B2,IN_MANUFACTURING,2026-07-13T03:00:00Z,CRM
P-00649,CRM100649,SUBJ-CA-0649,MRN-284200,Jordan Stone,2003-01-22,TC-CA-TOR-01,CA,CGT-C3,INFUSION_READY,2026-07-15T05:00:00Z,CRM
P-00650,CRM100650,SUBJ-US-0650,MRN-315106,Hayden Smith,1982-07-24,TC-US-SF-03,US,CGT-A1,INFUSED,2026-07-16T06:00:00Z,CRM
P-00651,CRM100651,SUBJ-CH-0651,MRN-602503,Cameron Smith,1995-06-30,TC-CH-ZRH-01,CH,CGT-C3,QA_HOLD,2026-07-14T08:00:00Z,CRM
P-00652,CRM100652,SUBJ-US-0652,MRN-666944,Jamie Nguyen,1977-01-29,TC-US-ATL-01,US,CGT-B2,APHERESIS_PENDING,2026-07-14T22:00:00Z,CRM
P-00653,CRM100653,SUBJ-SE-0653,MRN-336110,Jamie Khan,2007-03-15,TC-SE-STO-01,SE,CGT-B2,ELIGIBLE,2026-07-17T07:00:00Z,CRM
P-00654,CRM100654,SUBJ-JP-0654,MRN-604628,Jamie Nguyen,1970-04-16,TC-JP-OSA-02,JP,CGT-A1,INFUSION_READY,2026-07-16T03:00:00Z,CRM
P-00655,CRM100655,SUBJ-JP-0655,MRN-400090,Morgan Nguyen,1960-01-05,TC-JP-OSA-02,JP,CGT-A1,INFUSED,2026-07-15T12:00:00Z,CRM
P-00656,CRM100656,SUBJ-DE-0656,MRN-662369,Skyler Chen,2000-05-16,TC-DE-MUC-02,DE,CGT-B2,ENROLLED,2026-07-15T11:00:00Z,CRM
P-00657,CRM100657,SUBJ-FR-0657,MRN-978518,Cameron Ito,1962-07-24,TC-FR-PAR-01,FR,CGT-B2,INFUSED,2026-07-18T01:00:00Z,CRM
P-00658,CRM100658,SUBJ-US-0658,MRN-289120,Rowan Chen,1962-01-23,TC-US-ATL-01,US,CGT-A1,APHERESIS_PENDING,2026-07-18T10:00:00Z,CRM
P-00659,CRM100659,SUBJ-FR-0659,MRN-455476,Taylor Lopez,1990-10-14,TC-FR-PAR-01,FR,CGT-A1,ELIGIBLE,2026-07-18T04:00:00Z,CRM
P-00660,CRM100660,SUBJ-SG-0660,MRN-442459,Reese Wilson,1980-10-18,TC-SG-SIN-01,SG,CGT-C3,RETURN_TRANSIT,2026-07-19T01:00:00Z,CRM
P-00661,CRM100661,SUBJ-US-0661,MRN-623771,Reese Kim,1981-01-22,TC-US-BOS-02,US,CGT-A1,QA_HOLD,2026-07-19T01:00:00Z,CRM
P-00662,CRM100662,SUBJ-AU-0662,MRN-290700,Taylor Nguyen,1961-01-07,TC-AU-SYD-01,AU,CGT-C3,COLLECTED,2026-07-18T07:00:00Z,CRM
P-00663,CRM100663,SUBJ-US-0663,MRN-889175,Avery Smith,1961-03-30,TC-US-CHI-04,US,CGT-B2,INFUSED,2026-07-18T17:00:00Z,CRM
P-00664,CRM100664,SUBJ-ES-0664,MRN-394118,Jordan Wilson,1993-11-11,TC-ES-MAD-01,ES,CGT-B2,APHERESIS_PENDING,2026-07-20T09:00:00Z,CRM
P-00665,CRM100665,SUBJ-JP-0665,MRN-953658,Morgan Wilson,1996-01-31,TC-JP-TYO-01,JP,CGT-A1,QC_PENDING,2026-07-19T09:00:00Z,CRM
P-00666,CRM100666,SUBJ-CA-0666,MRN-575732,Emerson Nguyen,1979-12-09,TC-CA-VAN-02,CA,CGT-B2,INFUSED,2026-07-20T01:00:00Z,CRM
P-00667,CRM100667,SUBJ-CA-0667,MRN-457065,Riley Stone,1974-06-27,TC-CA-TOR-01,CA,CGT-A1,QC_PENDING,2026-07-19T21:00:00Z,CRM
P-00668,CRM100668,SUBJ-AU-0668,MRN-830710,Quinn Garcia,1967-04-26,TC-AU-MEL-02,AU,CGT-C3,RETURN_TRANSIT,2026-07-20T02:00:00Z,CRM
P-00669,CRM100669,SUBJ-DE-0669,MRN-392928,Emerson Ito,1987-04-30,TC-DE-BER-01,DE,CGT-B2,COLLECTED,2026-07-19T04:00:00Z,CRM
P-00670,CRM100670,SUBJ-DE-0670,MRN-748826,Jamie Khan,1975-06-25,TC-DE-MUC-02,DE,CGT-B2,APHERESIS_PENDING,2026-07-19T10:00:00Z,CRM
P-00671,CRM100671,SUBJ-ES-0671,MRN-846901,Hayden Wilson,1978-10-24,TC-AU-MEL-02,ES,CGT-A1,QA_HOLD,2026-07-20T03:00:00Z,CRM
P-00672,CRM100672,SUBJ-US-0672,MRN-346087,Riley Garcia,1976-01-15,TC-US-SF-03,US,CGT-B2,APHERESIS_PENDING,2026-07-20T08:00:00Z,CRM
P-00673,CRM100673,SUBJ-CA-0673,MRN-128756,Cameron Martin,2001-05-07,TC-CA-VAN-02,CA,CGT-C3,COLLECTED,2026-07-21T10:00:00Z,CRM
P-00674,CRM100674,SUBJ-SG-0674,MRN-100944,Jamie Nguyen,1973-09-04,TC-SG-SIN-01,SG,CGT-C3,APHERESIS_PENDING,2026-07-21T08:00:00Z,CRM
P-00675,CRM100675,SUBJ-DE-0675,MRN-293780,Skyler Miller,1984-06-14,TC-DE-MUC-02,DE,CGT-A1,RETURN_TRANSIT,2026-07-22T04:00:00Z,CRM
P-00676,CRM100676,SUBJ-GB-0676,MRN-383002,Skyler Lopez,1959-10-07,TC-GB-MAN-02,GB,CGT-C3,ENROLLED,2026-07-21T19:00:00Z,CRM
P-00677,CRM100677,SUBJ-DE-0677,MRN-414094,Quinn Chen,1994-06-22,TC-DE-MUC-02,DE,CGT-C3,INFUSED,2026-07-23T11:00:00Z,CRM
P-00678,CRM100678,SUBJ-SE-0678,MRN-223021,Taylor Stone,2001-09-29,TC-SE-STO-01,SE,CGT-B2,COLLECTED,2026-07-24T02:00:00Z,CRM
P-00679,CRM100679,SUBJ-GB-0679,MRN-100678,Casey Singh,1980-09-01,TC-GB-MAN-02,GB,CGT-B2,COLLECTED,2026-07-24T00:00:00Z,CRM
P-00680,CRM100680,SUBJ-BE-0680,MRN-797910,Reese Lopez,1987-12-13,TC-BE-BRU-01,BE,CGT-B2,INFUSION_READY,2026-07-25T06:00:00Z,CRM
P-00681,CRM100681,SUBJ-AU-0681,MRN-390433,Avery Martin,1966-02-02,TC-AU-SYD-01,AU,CGT-A1,INFUSED,2026-07-24T18:00:00Z,CRM
P-00682,CRM100682,SUBJ-GB-0682,MRN-715698,Reese Garcia,1981-01-02,TC-GB-LON-01,GB,CGT-B2,INFUSION_READY,2026-07-25T12:00:00Z,CRM
P-00683,CRM100683,SUBJ-FR-0683,MRN-503202,Jordan Garcia,1975-06-28,TC-FR-PAR-01,FR,CGT-A1,IN_MANUFACTURING,2026-07-25T08:00:00Z,CRM
P-00684,CRM100684,SUBJ-US-0684,MRN-797724,Jordan Garcia,2006-09-30,TC-US-CHI-04,US,CGT-A1,RETURN_TRANSIT,2026-07-24T17:00:00Z,CRM
P-00685,CRM100685,SUBJ-CH-0685,MRN-227219,Emerson Patel,1976-02-06,TC-CH-ZRH-01,CH,CGT-A1,COLLECTED,2026-07-25T13:00:00Z,CRM
P-00686,CRM100686,SUBJ-SG-0686,MRN-945144,Emerson Smith,2005-08-02,TC-SG-SIN-01,SG,CGT-A1,APHERESIS_PENDING,2026-07-25T19:00:00Z,CRM
P-00687,CRM100687,SUBJ-IN-0687,MRN-233465,Taylor Lopez,1969-12-27,TC-IN-BLR-01,IN,CGT-A1,QA_HOLD,2026-07-25T14:00:00Z,CRM
P-00688,CRM100688,SUBJ-US-0688,MRN-439062,Hayden Brown,1981-02-21,TC-US-ATL-01,US,CGT-A1,QC_PENDING,2026-07-25T22:00:00Z,CRM
P-00689,CRM100689,SUBJ-AU-0689,MRN-312919,Reese Garcia,1988-08-31,TC-AU-MEL-02,AU,CGT-B2,INFUSED,2026-07-25T13:00:00Z,CRM
P-00690,CRM100690,SUBJ-US-0690,MRN-800793,Skyler Singh,1984-04-12,TC-US-BOS-02,US,CGT-C3,INFUSED,2026-07-26T22:00:00Z,CRM
P-00691,CRM100691,SUBJ-AU-0691,MRN-415698,Casey Stone,1997-08-23,TC-AU-SYD-01,AU,CGT-C3,RETURN_TRANSIT,2026-07-26T10:00:00Z,CRM
P-00692,CRM100692,SUBJ-US-0692,MRN-882862,Cameron Nguyen,1976-11-25,TC-US-ATL-01,US,CGT-C3,INFUSED,2026-07-27T01:00:00Z,CRM
P-00693,CRM100693,SUBJ-SE-0693,MRN-390600,Skyler Kim,1977-06-04,TC-SE-STO-01,SE,CGT-C3,INFUSED,2026-07-28T02:00:00Z,CRM
P-00694,CRM100694,SUBJ-SG-0694,MRN-448857,Jordan Martin,1998-03-03,TC-SG-SIN-01,SG,CGT-C3,QA_HOLD,2026-07-29T05:00:00Z,CRM
P-00695,CRM100695,SUBJ-CA-0695,MRN-419501,Cameron Lopez,2000-02-29,TC-CA-VAN-02,CA,CGT-B2,COLLECTED,2026-07-29T16:00:00Z,CRM
P-00696,CRM100696,SUBJ-CA-0696,MRN-772172,Taylor Singh,1963-07-10,TC-CA-VAN-02,CA,CGT-C3,INFUSION_READY,2026-07-27T16:00:00Z,CRM
P-00697,CRM100697,SUBJ-GB-0697,MRN-172284,Hayden Smith,1968-12-27,TC-GB-LON-01,GB,CGT-C3,QC_PENDING,2026-07-28T21:00:00Z,CRM
P-00698,CRM100698,SUBJ-GB-0698,MRN-757820,Reese Khan,1996-11-23,TC-GB-LON-01,GB,CGT-C3,QC_PENDING,2026-07-28T08:00:00Z,CRM
P-00699,CRM100699,SUBJ-FR-0699,MRN-269066,Casey Garcia,1975-05-22,TC-FR-PAR-01,FR,CGT-A1,INFUSION_READY,2026-07-29T21:00:00Z,CRM
P-00700,CRM100700,SUBJ-CH-0700,MRN-593409,Morgan Martin,1998-02-28,TC-CH-ZRH-01,CH,CGT-A1,ELIGIBLE,2026-07-28T18:00:00Z,CRM
P-00701,CRM100701,SUBJ-NL-0701,MRN-192380,Quinn Ito,1966-06-08,TC-NL-AMS-01,NL,CGT-C3,ENROLLED,2026-07-31T00:00:00Z,CRM
P-00702,CRM100702,SUBJ-IN-0702,MRN-536727,Avery Garcia,1960-08-16,TC-IN-BLR-01,IN,CGT-B2,QA_HOLD,2026-07-30T14:00:00Z,CRM
P-00703,CRM100703,SUBJ-SG-0703,MRN-125188,Skyler Kim,1988-07-16,TC-SG-SIN-01,SG,CGT-C3,RETURN_TRANSIT,2026-07-29T12:00:00Z,CRM
P-00704,CRM100704,SUBJ-IT-0704,MRN-383623,Emerson Nguyen,1990-07-13,TC-IT-MIL-01,IT,CGT-B2,ELIGIBLE,2026-08-01T07:00:00Z,CRM
P-00705,CRM100705,SUBJ-SG-0705,MRN-947589,Rowan Brown,1958-01-24,TC-SG-SIN-01,SG,CGT-A1,QA_HOLD,2026-07-30T15:00:00Z,CRM
P-00706,CRM100706,SUBJ-US-0706,MRN-562170,Riley Garcia,1964-12-20,TC-US-CHI-04,US,CGT-B2,ELIGIBLE,2026-07-31T07:00:00Z,CRM
P-00707,CRM100707,SUBJ-AU-0707,MRN-640271,Cameron Nguyen,1997-07-21,TC-AU-SYD-01,AU,CGT-A1,QC_PENDING,2026-07-30T22:00:00Z,CRM
P-00708,CRM100708,SUBJ-GB-0708,MRN-307923,Reese Nguyen,1980-09-16,TC-GB-MAN-02,GB,CGT-B2,INFUSED,2026-08-01T15:00:00Z,CRM
P-00709,CRM100709,SUBJ-FR-0709,MRN-816222,Taylor Wilson,1998-10-04,TC-FR-PAR-01,FR,CGT-A1,QC_PENDING,2026-08-01T15:00:00Z,CRM
P-00710,CRM100710,SUBJ-SE-0710,MRN-101313,Riley Lopez,1984-10-26,TC-SE-STO-01,SE,CGT-A1,APHERESIS_PENDING,2026-07-31T22:00:00Z,CRM
P-00711,CRM100711,SUBJ-BE-0711,MRN-190984,Jordan Lopez,1972-01-19,TC-BE-BRU-01,BE,CGT-B2,QC_PENDING,2026-07-31T16:00:00Z,CRM
P-00712,CRM100712,SUBJ-US-0712,MRN-305355,Rowan Brown,1979-09-13,TC-US-CHI-04,US,CGT-B2,INFUSED,2026-08-03T04:00:00Z,CRM
P-00713,CRM100713,SUBJ-NL-0713,MRN-389336,Casey Khan,1974-01-25,TC-NL-AMS-01,NL,CGT-A1,INFUSED,2026-08-01T19:00:00Z,CRM
P-00714,CRM100714,SUBJ-CA-0714,MRN-544831,Taylor Smith,1978-02-04,TC-CA-TOR-01,CA,CGT-A1,ELIGIBLE,2026-08-03T08:00:00Z,CRM
P-00715,CRM100715,SUBJ-CA-0715,MRN-215573,Riley Garcia,1991-01-26,TC-CA-TOR-01,CA,CGT-A1,IN_MANUFACTURING,2026-08-02T02:00:00Z,CRM
P-00716,CRM100716,SUBJ-GB-0716,MRN-143541,Avery Wilson,2001-11-26,TC-GB-LON-01,GB,CGT-B2,INFUSED,2026-08-04T19:00:00Z,CRM
P-00717,CRM100717,SUBJ-JP-0717,MRN-318490,Jordan Stone,2004-08-23,TC-JP-OSA-02,JP,CGT-A1,INFUSED,2026-08-03T17:00:00Z,CRM
P-00718,CRM100718,SUBJ-US-0718,MRN-386294,Cameron Ito,1998-07-22,TC-US-CHI-04,US,CGT-B2,RETURN_TRANSIT,2026-08-02T13:00:00Z,CRM
P-00719,CRM100719,SUBJ-AU-0719,MRN-952827,Taylor Brown,1992-03-17,TC-AU-SYD-01,AU,CGT-B2,INFUSED,2026-08-03T20:00:00Z,CRM
P-00720,CRM100720,SUBJ-AU-0720,MRN-570529,Casey Lopez,2000-02-09,TC-AU-MEL-02,AU,CGT-C3,IN_MANUFACTURING,2026-08-03T10:00:00Z,CRM
P-00721,CRM100721,SUBJ-US-0721,MRN-639416,Cameron Patel,1959-12-03,TC-US-CHI-04,US,CGT-C3,ELIGIBLE,2026-08-05T14:00:00Z,CRM
P-00722,CRM100722,SUBJ-US-0722,MRN-664724,Reese Nguyen,1993-05-12,TC-US-BOS-02,US,CGT-C3,COLLECTED,2026-08-05T12:00:00Z,CRM
P-00723,CRM100723,SUBJ-AU-0723,MRN-221090,Skyler Khan,1975-04-02,TC-AU-SYD-01,AU,CGT-A1,ELIGIBLE,2026-08-06T11:00:00Z,CRM
P-00724,CRM100724,SUBJ-AU-0724,MRN-325030,Riley Miller,1999-02-07,TC-AU-MEL-02,AU,CGT-B2,IN_MANUFACTURING,2026-08-06T04:00:00Z,CRM
P-00725,CRM100725,SUBJ-AU-0725,MRN-904720,Drew Miller,1992-04-27,TC-AU-SYD-01,AU,CGT-C3,IN_MANUFACTURING,2026-08-07T05:00:00Z,CRM
P-00726,CRM100726,SUBJ-AU-0726,MRN-466808,Reese Wilson,1991-12-23,TC-AU-SYD-01,AU,CGT-B2,QC_PENDING,2026-08-06T06:00:00Z,CRM
P-00727,CRM100727,SUBJ-GB-0727,MRN-750006,Skyler Kim,1965-08-14,TC-GB-MAN-02,GB,CGT-C3,APHERESIS_PENDING,2026-08-07T23:00:00Z,CRM
P-00728,CRM100728,SUBJ-CA-0728,MRN-729404,Cameron Lopez,1996-07-31,TC-CA-VAN-02,CA,CGT-A1,RETURN_TRANSIT,2026-08-07T01:00:00Z,CRM
P-00729,CRM100729,SUBJ-NL-0729,MRN-701211,Skyler Kim,1964-01-26,TC-NL-AMS-01,NL,CGT-C3,INFUSED,2026-08-05T22:00:00Z,CRM
P-00730,CRM100730,SUBJ-US-0730,MRN-535229,Quinn Garcia,1970-09-13,TC-US-BOS-02,US,CGT-A1,INFUSED,2026-08-06T03:00:00Z,CRM
P-00731,CRM100731,SUBJ-SE-0731,MRN-112454,Skyler Martin,1996-07-27,TC-SE-STO-01,SE,CGT-B2,INFUSION_READY,2026-08-08T22:00:00Z,CRM
P-00732,CRM100732,SUBJ-US-0732,MRN-593676,Rowan Lopez,1997-03-29,TC-DE-BER-01,US,CGT-A1,QC_PENDING,2026-08-06T12:00:00Z,CRM
P-00733,CRM100733,SUBJ-US-0733,MRN-599985,Casey Lopez,1981-11-08,TC-US-SF-03,US,CGT-A1,ENROLLED,2026-08-08T22:00:00Z,CRM
P-00734,CRM100734,SUBJ-ES-0734,MRN-910548,Quinn Chen,1961-10-18,TC-ES-MAD-01,ES,CGT-A1,COLLECTED,2026-08-07T05:00:00Z,CRM
P-00735,CRM100735,SUBJ-CA-0735,MRN-461751,Riley Smith,2003-07-08,TC-CA-VAN-02,CA,CGT-B2,IN_MANUFACTURING,2026-08-09T15:00:00Z,CRM
P-00736,CRM100736,SUBJ-AE-0736,MRN-139335,Reese Ito,1987-01-15,TC-AE-DXB-01,AE,CGT-B2,IN_MANUFACTURING,2026-08-09T02:00:00Z,CRM
P-00737,CRM100737,SUBJ-CH-0737,MRN-601080,Drew Singh,1958-07-24,TC-CH-ZRH-01,CH,CGT-C3,APHERESIS_PENDING,2026-08-10T07:00:00Z,CRM
P-00738,CRM100738,SUBJ-NL-0738,MRN-572789,Riley Martin,1979-02-16,TC-NL-AMS-01,NL,CGT-C3,ELIGIBLE,2026-08-09T09:00:00Z,CRM
P-00739,CRM100739,SUBJ-DE-0739,MRN-404835,Jordan Kim,1964-02-20,TC-DE-MUC-02,DE,CGT-C3,INFUSED,2026-08-09T13:00:00Z,CRM
P-00740,CRM100740,SUBJ-US-0740,MRN-805956,Drew Khan,1966-06-29,TC-US-SF-03,US,CGT-C3,IN_MANUFACTURING,2026-08-10T16:00:00Z,CRM
P-00741,CRM100741,SUBJ-CA-0741,MRN-216798,Quinn Patel,1983-07-11,TC-CA-VAN-02,CA,CGT-A1,APHERESIS_PENDING,2026-08-09T13:00:00Z,CRM
P-00742,CRM100742,SUBJ-BE-0742,MRN-402086,Skyler Stone,1989-05-23,TC-BE-BRU-01,BE,CGT-B2,QA_HOLD,2026-08-12T08:00:00Z,CRM
P-00743,CRM100743,SUBJ-GB-0743,MRN-860704,Jordan Kim,1994-11-05,TC-GB-MAN-02,GB,CGT-A1,COLLECTED,2026-08-10T19:00:00Z,CRM
P-00744,CRM100744,SUBJ-AE-0744,MRN-580395,Jamie Brown,1961-09-30,TC-AE-DXB-01,AE,CGT-A1,COLLECTED,2026-08-10T21:00:00Z,CRM
P-00745,CRM100745,SUBJ-DE-0745,MRN-667006,Skyler Martin,1979-01-08,TC-DE-MUC-02,DE,CGT-B2,IN_MANUFACTURING,2026-08-11T20:00:00Z,CRM
P-00746,CRM100746,SUBJ-JP-0746,MRN-397442,Emerson Patel,1959-09-27,TC-JP-OSA-02,JP,CGT-A1,APHERESIS_PENDING,2026-08-11T04:00:00Z,CRM
P-00747,CRM100747,SUBJ-BE-0747,MRN-712267,Emerson Chen,1994-01-19,TC-BE-BRU-01,BE,CGT-A1,QC_PENDING,2026-08-12T20:00:00Z,CRM
P-00748,CRM100748,SUBJ-AE-0748,MRN-278933,Hayden Wilson,2003-09-06,TC-AE-DXB-01,AE,CGT-C3,QC_PENDING,2026-08-12T10:00:00Z,CRM
P-00749,CRM100749,SUBJ-AU-0749,MRN-711830,Morgan Martin,1959-01-24,TC-AU-SYD-01,AU,CGT-B2,IN_MANUFACTURING,2026-08-11T17:00:00Z,CRM
P-00750,CRM100750,SUBJ-GB-0750,MRN-754926,Casey Brown,1989-11-08,TC-GB-LON-01,GB,CGT-A1,APHERESIS_PENDING,2026-08-13T17:00:00Z,CRM
P-00751,CRM100751,SUBJ-IT-0751,MRN-381905,Cameron Lopez,1979-02-28,TC-IT-MIL-01,IT,CGT-A1,APHERESIS_PENDING,2026-08-13T15:00:00Z,CRM
P-00752,CRM100752,SUBJ-US-0752,MRN-535775,Jordan Smith,1984-01-09,TC-US-BOS-02,US,CGT-C3,ELIGIBLE,2026-08-12T12:00:00Z,CRM
P-00753,CRM100753,SUBJ-CA-0753,MRN-236667,Quinn Ito,1972-08-24,TC-CA-TOR-01,CA,CGT-B2,IN_MANUFACTURING,2026-08-13T07:00:00Z,CRM
P-00754,CRM100754,SUBJ-US-0754,MRN-982144,Reese Chen,1993-01-15,TC-US-BOS-02,US,CGT-C3,QC_PENDING,2026-08-13T18:00:00Z,CRM
P-00755,CRM100755,SUBJ-GB-0755,MRN-945144,Hayden Smith,1989-07-25,TC-GB-LON-01,GB,CGT-A1,IN_MANUFACTURING,2026-08-16T02:00:00Z,CRM
P-00756,CRM100756,SUBJ-DE-0756,MRN-307646,Riley Lopez,1967-12-18,TC-DE-MUC-02,DE,CGT-A1,INFUSION_READY,2026-08-14T11:00:00Z,CRM
P-00757,CRM100757,SUBJ-GB-0757,MRN-409569,Jordan Chen,1991-10-15,TC-GB-LON-01,GB,CGT-A1,COLLECTED,2026-08-13T21:00:00Z,CRM
P-00758,CRM100758,SUBJ-JP-0758,MRN-463824,Rowan Wilson,1988-06-04,TC-JP-TYO-01,JP,CGT-B2,APHERESIS_PENDING,2026-08-15T15:00:00Z,CRM
P-00759,CRM100759,SUBJ-US-0759,MRN-588849,Emerson Stone,1967-08-01,TC-US-BOS-02,US,CGT-A1,QA_HOLD,2026-08-14T18:00:00Z,CRM
P-00760,CRM100760,SUBJ-SG-0760,MRN-113741,Jordan Miller,1962-02-02,TC-SG-SIN-01,SG,CGT-B2,INFUSION_READY,2026-08-14T16:00:00Z,CRM
P-00761,CRM100761,SUBJ-US-0761,MRN-135116,Riley Stone,1981-12-12,TC-US-BOS-02,US,CGT-C3,COLLECTED,2026-08-15T08:00:00Z,CRM
P-00762,CRM100762,SUBJ-US-0762,MRN-683742,Rowan Ito,1996-07-02,TC-US-ATL-01,US,CGT-A1,INFUSED,2026-08-16T10:00:00Z,CRM
P-00763,CRM100763,SUBJ-CA-0763,MRN-418564,Hayden Stone,1972-10-08,TC-CA-VAN-02,CA,CGT-B2,IN_MANUFACTURING,2026-08-16T06:00:00Z,CRM
P-00764,CRM100764,SUBJ-IN-0764,MRN-842680,Riley Patel,1990-09-26,TC-IN-BLR-01,IN,CGT-B2,RETURN_TRANSIT,2026-08-18T20:00:00Z,CRM
P-00765,CRM100765,SUBJ-ES-0765,MRN-340598,Cameron Nguyen,1982-08-09,TC-ES-MAD-01,ES,CGT-A1,ENROLLED,2026-08-17T22:00:00Z,CRM
P-00766,CRM100766,SUBJ-IT-0766,MRN-430939,Emerson Stone,1990-09-03,TC-IT-MIL-01,IT,CGT-C3,QC_PENDING,2026-08-17T20:00:00Z,CRM
P-00767,CRM100767,SUBJ-DE-0767,MRN-189485,Rowan Miller,1968-03-20,TC-DE-BER-01,DE,CGT-B2,RETURN_TRANSIT,2026-08-18T13:00:00Z,CRM
P-00768,CRM100768,SUBJ-CA-0768,MRN-473550,Hayden Nguyen,1977-06-19,TC-CA-VAN-02,CA,CGT-B2,COLLECTED,2026-08-18T05:00:00Z,CRM
P-00769,CRM100769,SUBJ-SG-0769,MRN-458055,Emerson Chen,1967-11-04,TC-SG-SIN-01,SG,CGT-C3,ELIGIBLE,2026-08-20T01:00:00Z,CRM
P-00770,CRM100770,SUBJ-DE-0770,MRN-960425,Morgan Khan,2001-01-31,TC-DE-MUC-02,DE,CGT-C3,COLLECTED,2026-08-18T09:00:00Z,CRM
P-00771,CRM100771,SUBJ-CA-0771,MRN-879776,Morgan Wilson,1991-01-28,TC-CA-TOR-01,CA,CGT-A1,INFUSION_READY,2026-08-20T07:00:00Z,CRM
P-00772,CRM100772,SUBJ-AU-0772,MRN-470146,Cameron Singh,1959-05-21,TC-AU-MEL-02,AU,CGT-B2,IN_MANUFACTURING,2026-08-19T09:00:00Z,CRM
P-00773,CRM100773,SUBJ-NL-0773,MRN-764896,Jamie Lopez,1998-03-20,TC-NL-AMS-01,NL,CGT-C3,INFUSED,2026-08-19T21:00:00Z,CRM
P-00774,CRM100774,SUBJ-ES-0774,MRN-810384,Cameron Martin,1963-03-03,TC-ES-MAD-01,ES,CGT-C3,INFUSED,2026-08-21T17:00:00Z,CRM
P-00775,CRM100775,SUBJ-SG-0775,MRN-320998,Quinn Khan,1970-01-30,TC-SG-SIN-01,SG,CGT-C3,COLLECTED,2026-08-19T17:00:00Z,CRM
P-00776,CRM100776,SUBJ-GB-0776,MRN-100775,Riley Brown,1982-03-27,TC-GB-LON-01,GB,CGT-A1,ELIGIBLE,2026-08-19T08:00:00Z,CRM
P-00777,CRM100777,SUBJ-CA-0777,MRN-731315,Hayden Kim,2005-04-29,TC-CA-TOR-01,CA,CGT-A1,INFUSED,2026-08-19T23:00:00Z,CRM
P-00778,CRM100778,SUBJ-DE-0778,MRN-780668,Quinn Kim,1973-01-08,TC-DE-BER-01,DE,CGT-A1,APHERESIS_PENDING,2026-08-21T06:00:00Z,CRM
P-00779,CRM100779,SUBJ-GB-0779,MRN-141496,Skyler Miller,1995-01-19,TC-GB-LON-01,GB,CGT-C3,ELIGIBLE,2026-08-20T07:00:00Z,CRM
P-00780,CRM100780,SUBJ-AU-0780,MRN-679069,Casey Nguyen,1988-09-17,TC-AU-MEL-02,AU,CGT-B2,COLLECTED,2026-08-22T16:00:00Z,CRM
P-00781,CRM100781,SUBJ-SG-0781,MRN-834727,Skyler Chen,1963-09-05,TC-SG-SIN-01,SG,CGT-C3,QA_HOLD,2026-08-21T11:00:00Z,CRM
P-00782,CRM100782,SUBJ-ES-0782,MRN-107716,Skyler Martin,1985-12-06,TC-ES-MAD-01,ES,CGT-B2,QC_PENDING,2026-08-22T01:00:00Z,CRM
P-00783,CRM100783,SUBJ-SG-0783,MRN-613296,Drew Martin,1986-04-18,TC-SG-SIN-01,SG,CGT-C3,INFUSED,2026-08-23T12:00:00Z,CRM
P-00784,CRM100784,SUBJ-US-0784,MRN-762809,Morgan Singh,1961-03-22,TC-US-SF-03,US,CGT-A1,RETURN_TRANSIT,2026-08-24T15:00:00Z,CRM
P-00785,CRM100785,SUBJ-CA-0785,MRN-582675,Reese Patel,1995-12-10,TC-CA-VAN-02,CA,CGT-B2,ELIGIBLE,2026-08-22T17:00:00Z,CRM
P-00786,CRM100786,SUBJ-IN-0786,MRN-617989,Taylor Kim,2000-07-07,TC-IN-BLR-01,IN,CGT-A1,INFUSED,2026-08-23T11:00:00Z,CRM
P-00787,CRM100787,SUBJ-JP-0787,MRN-769990,Riley Smith,2001-07-03,TC-JP-TYO-01,JP,CGT-A1,QC_PENDING,2026-08-23T22:00:00Z,CRM
P-00788,CRM100788,SUBJ-AU-0788,MRN-635899,Taylor Khan,1977-12-14,TC-AU-MEL-02,AU,CGT-A1,INFUSED,2026-08-25T19:00:00Z,CRM
P-00789,CRM100789,SUBJ-CH-0789,MRN-274152,Taylor Ito,1960-05-21,TC-CH-ZRH-01,CH,CGT-A1,INFUSED,2026-08-25T05:00:00Z,CRM
P-00790,CRM100790,SUBJ-NL-0790,MRN-423558,Quinn Lopez,1978-10-14,TC-NL-AMS-01,NL,CGT-A1,RETURN_TRANSIT,2026-08-25T02:00:00Z,CRM
P-00791,CRM100791,SUBJ-AE-0791,MRN-225748,Morgan Brown,1968-05-27,TC-AE-DXB-01,AE,CGT-C3,INFUSION_READY,2026-08-26T07:00:00Z,CRM
P-00792,CRM100792,SUBJ-SE-0792,MRN-920850,Skyler Miller,1959-05-05,TC-SE-STO-01,SE,CGT-B2,IN_MANUFACTURING,2026-08-26T12:00:00Z,CRM
P-00793,CRM100793,SUBJ-GB-0793,MRN-381195,Hayden Miller,1983-11-26,TC-US-CHI-04,GB,CGT-C3,COLLECTED,2026-08-25T00:00:00Z,CRM
P-00794,CRM100794,SUBJ-US-0794,MRN-895148,Taylor Lopez,1998-06-24,TC-US-ATL-01,US,CGT-A1,IN_MANUFACTURING,2026-08-25T09:00:00Z,CRM
P-00795,CRM100795,SUBJ-IN-0795,MRN-790657,Hayden Ito,1993-04-11,TC-IN-BLR-01,IN,CGT-B2,QA_HOLD,2026-08-27T14:00:00Z,CRM
P-00796,CRM100796,SUBJ-US-0796,MRN-668748,Skyler Garcia,1999-04-12,TC-US-ATL-01,US,CGT-B2,IN_MANUFACTURING,2026-08-25T11:00:00Z,CRM
P-00797,CRM100797,SUBJ-FR-0797,MRN-384424,Rowan Wilson,1998-10-26,TC-FR-PAR-01,FR,CGT-B2,RETURN_TRANSIT,2026-08-27T00:00:00Z,CRM
P-00798,CRM100798,SUBJ-DE-0798,MRN-956782,Hayden Ito,1971-06-25,TC-DE-MUC-02,DE,CGT-B2,RETURN_TRANSIT,2026-08-28T01:00:00Z,CRM
P-00799,CRM100799,SUBJ-AU-0799,MRN-335600,Skyler Kim,1985-08-03,TC-AU-MEL-02,AU,CGT-B2,QA_HOLD,2026-08-28T04:00:00Z,CRM
P-00800,CRM100800,SUBJ-DE-0800,MRN-154452,Morgan Brown,1969-09-19,TC-DE-MUC-02,DE,CGT-A1,COLLECTED,2026-08-28T13:00:00Z,CRM
